0.324264
0.324560
0.778968
0.988177
0.764510
0.276915
0.841230
0.571152
0.464520
0.616472
0.897767
0.809733
0.580505
0.502552
0.966730
0.513740
0.370666
0.106915
0.800102
0.490502
0.389224
0.874949
0.525486
0.430435
0.523734
0.528165
0.006806
0.148331
0.731402
0.584092
0.117934
0.332119
0.837593
0.060260
0.797420
0.236890
0.177622
0.374695
0.314658
0.821716
0.626607
0.298659
0.257452
0.622783
0.052201
0.043712
0.300670
0.352894
0.137979
0.861212
0.534602
0.433808
0.343634
0.024910
0.445062
0.560915
0.419904
0.460294
0.433286
0.598760
0.547878
0.508277
0.674141
0.757657
0.572819
0.547086
0.116128
0.320063
0.029050
0.116638
0.558491
0.971417
0.620044
0.560332
0.320378
0.364820
0.663705
0.005152
0.442329
0.496658
0.562513
0.458677
0.907668
0.238938
0.950289
0.776744
0.640019
0.100483
0.406132
0.618675
0.846590
0.498077
0.852421
0.071650
0.557968
0.378353
0.534919
0.145736
0.993799
0.190433
0.701879
0.149508
0.122482
0.154583
0.912495
0.344276
0.606447
0.583109
0.994621
0.406775
0.866831
0.703738
0.472627
0.769955
0.623278
0.027782
0.433072
0.518512
0.630257
0.628741
0.733661
0.582909
0.507911
0.480611
0.605230
0.821473
0.684838
0.532514
0.768669
0.550240
0.398095
0.462428
0.163770
0.478282
0.409615
0.572708
0.143261
0.376860
0.682822
0.824912
0.567335
0.253554
0.215968
0.984085
0.296181
0.023903
0.579443
0.019246
0.326808
0.506431
0.171996
0.414344
0.551745
0.146529
0.369986
0.553824
0.154565
0.489089
0.497536
0.130588
0.649690
0.511841
0.677274
0.506694
0.618704
0.107934
0.469641
0.332755
0.640702
0.501367
0.303235
0.567843
0.727619
0.142506
0.355412
0.469538
0.386410
0.635943
0.465219
0.633728
0.601646
0.247965
0.424439
0.350329
0.298194
0.742371
0.741273
0.623189
0.430774
0.539674
0.635366
0.476059
0.230222
0.572827
0.363675
0.370495
0.424889
0.864336
0.926938
0.074029
0.820241
0.854614
0.286093
0.540757
0.535174
0.864674
0.198097
0.005871
0.424906
0.459309
0.509459
0.622471
0.705348
0.374955
0.370173
0.498883
0.209329
0.601778
0.465056
0.425025
0.015945
0.179694
0.623205
0.703253
0.532651
0.718275
0.382671
0.541394
0.430585
0.886789
0.492950
0.565187
0.838593
0.769932
0.303038
0.666540
0.552190
0.934984
0.569894
0.747310
0.638036
0.474101
0.473360
0.020301
0.578212
0.559042
0.613676
0.397321
0.685645
0.582958
0.245314
0.635948
0.621522
0.212633
0.373986
0.558440
0.631606
0.298929
0.293963
0.551728
0.608427
0.906639
0.570661
0.007721
0.775361
0.640358
0.466012
0.094445
0.873194
0.452939
0.684734
0.422713
0.779532
0.608180
0.983785
0.088413
0.968993
0.168386
0.985794
0.393900
0.538088
0.469495
0.524833
0.524616
0.354470
0.056400
0.340446
0.735650
0.524599
0.784939
0.612477
0.707468
0.147472
0.558213
0.545643
0.244914
0.448952
0.321613
0.752624
0.943874
0.888733
0.846399
0.328686
0.410188
0.443921
0.416271
0.257153
0.627801
0.753316
0.235324
0.382049
0.282155
0.480589
0.828552
0.226500
0.561176
0.550610
0.235872
0.472835
0.416475
0.734017
0.300683
0.146670
0.744933
0.769111
0.485790
0.674116
0.707115
0.481258
0.940562
0.453922
0.891446
0.093832
0.563126
0.633591
0.428640
0.738169
0.278972
0.594460
0.481749
0.125208
0.628017
0.819854
0.340690
0.217128
0.324308
0.713497
0.534187
0.371633
0.268460
0.514933
0.479023
0.431503
0.624768
0.379130
0.818350
0.530559
0.266484
0.466030
0.560990
0.441930
0.420091
0.107217
0.081439
0.640232
0.637945
0.221340
0.134788
0.806555
0.850511
0.639983
0.767173
0.293625
0.587757
0.908662
0.211299
0.849694
0.541341
0.659955
0.946137
0.792664
0.415360
0.668233
0.766580
0.704121
0.580578
0.414334
0.629213
0.173110
0.833131
0.329344
0.425943
0.276241
0.125871
0.819475
0.113355
0.435894
0.150458
0.848151
0.110719
0.537136
0.397059
0.789246
0.212928
0.450109
0.084694
0.387279
0.702437
0.460377
0.278158
0.463884
0.130357
0.562459
0.855676
0.019800
0.771682
0.206100
0.578560
0.742331
0.388964
0.485320
0.723044
0.617293
0.573118
0.785187
0.535515
0.152885
0.280726
0.520618
0.744945
0.043875
0.075339
0.755786
0.682295
0.485034
0.348865
0.348393
0.193455
0.310431
0.530523
0.807884
0.549684
0.411353
0.957496
0.608879
0.435179
0.440279
0.663483
0.026992
0.529161
0.967601
0.799096
0.997040
0.510851
0.496543
0.472663
0.680210
0.412704
0.721875
0.770120
0.125749
0.406478
0.788613
0.829644
0.584393
0.360450
0.015904
0.528217
0.590465
0.921502
0.571152
0.501528
0.700673
0.132038
0.654103
0.290738
0.541376
0.136455
0.740617
0.374819
0.975255
0.089098
0.622480
0.528764
0.337624
0.211476
0.153662
0.139505
0.098127
0.466393
0.613509
0.004423
0.301036
0.732075
0.000273
0.236818
0.147337
0.401672
0.886831
0.288299
0.969859
0.554905
0.007753
0.896545
0.584016
0.953082
0.119995
0.709683
0.456966
0.685874
0.686983
0.465392
0.637953
0.795685
0.067665
0.013290
0.574235
0.028901
0.476709
0.033842
0.466798
0.218971
0.991968
0.142837
0.757923
0.363525
0.999752
0.055566
0.397353
0.310937
0.232145
0.726124
0.959210
0.581226
0.669982
0.036471
0.781298
0.572517
0.072711
0.617318
0.457638
0.966519
0.010720
0.014803
0.154391
0.497180
0.268330
0.481530
0.468068
0.629791
0.627375
0.449207
0.335974
0.508745
0.648294
0.852031
0.959096
0.261027
0.162672
0.840615
0.836929
0.130533
0.375227
0.438709
0.533644
0.604943
0.886200
0.948668
0.593513
0.333626
0.549564
0.364389
0.394138
0.669934
0.181977
0.418575
0.748449
0.564230
0.960795
0.234479
0.442008
0.439519
0.434020
0.858236
0.250431
0.989946
0.410848
0.385735
0.043859
0.011647
0.735301
0.067091
0.316811
0.639068
0.380755
0.214610
0.384703
0.399688
0.920087
0.737614
0.095287
0.751335
0.112743
0.169800
0.724179
0.617012
0.636077
0.801087
0.601718
0.327682
0.354013
0.799501
0.871678
0.836196
0.314553
0.795756
0.861912
0.983467
0.998533
0.363352
0.243555
0.097971
0.501221
0.496186
0.443965
0.597734
0.835793
0.899599
0.477560
0.574913
0.537813
0.438135
0.323936
0.870420
0.212497
0.605692
0.870645
0.270442
0.397897
0.493183
0.467930
0.722857
0.435548
0.037292
0.508320
0.396935
0.423203
0.423457
0.108225
0.986822
0.326774
0.317220
0.792016
0.047362
0.490284
0.762229
0.827843
0.382154
0.601038
0.416560
0.608237
0.503753
0.090124
0.099982
0.580452
0.668493
0.602558
0.353657
0.400702
0.533208
0.417685
0.213770
0.737633
0.981099
0.217837
0.980190
0.807160
0.581935
0.963950
0.102037
0.680915
0.980110
0.532385
0.685151
0.584762
0.237931
0.453732
0.375170
0.585361
0.574418
0.631714
0.481912
0.876234
0.479740
0.589457
0.688330
0.349912
0.269932
0.847601
0.393793
0.068079
0.106803
0.466585
0.706628
0.562568
0.420818
0.962073
0.051081
0.569191
0.990700
0.392019
0.532988
0.147145
0.833978
0.443726
0.492020
0.552144
0.090074
0.889079
0.051428
0.422985
0.395919
0.691502
0.374262
0.458169
0.144665
0.177604
0.720591
0.361171
0.799115
0.076980
0.186301
0.290688
0.317097
0.211264
0.832454
0.681540
0.440021
0.591144
0.568372
0.505857
0.750094
0.709896
0.151634
0.459651
0.371809
0.197612
0.456733
0.972767
0.708270
0.517717
0.203937
0.370568
0.610338
0.514233
0.412018
0.854043
0.595543
0.046108
0.828605
0.639104
0.116738
0.929999
0.216254
0.177982
0.022299
0.181573
0.603686
0.435345
0.461596
0.060272
0.507189
0.475366
0.755640
0.397682
0.380859
0.994056
0.043852
0.104988
0.206155
0.961059
0.938289
0.185418
0.661056
0.719154
0.690312
0.415828
0.776772
0.616094
0.262723
0.359146
0.883021
0.347891
0.098424
0.633026
0.864249
0.339412
0.471166
0.111342
0.746692
0.838910
0.087531
0.444084
0.171014
0.146873
0.455099
0.099654
0.653500
0.907075
0.307818
0.091228
0.782575
0.917519
0.051277
0.412081
0.223780
0.421479
0.170667
0.408723
0.844145
0.545316
0.464611
0.037117
0.072892
0.467630
0.597407
0.499494
0.570586
0.381945
0.803001
0.677188
0.355999
0.098701
0.382504
0.802283
0.666811
0.706945
0.159417
0.527256
0.041696
0.798212
0.905001
0.688669
0.325296
0.638165
0.577083
0.523578
0.357282
0.989980
0.456875
0.560085
0.370357
0.686487
0.723597
0.923306
0.360905
0.433646
0.961944
0.671193
0.432279
0.870257
0.326261
0.239809
0.284842
0.097804
0.219649
0.542827
0.427418
0.608319
0.550186
0.026259
0.353904
0.421197
0.798087
0.469452
0.498498
0.856829
0.005758
0.057223
0.544151
0.787843
0.936997
0.337573
0.484761
0.636620
0.029731
0.425671
0.274424
0.054397
0.687062
0.352104
0.494104
0.063054
0.451395
0.346467
0.033219
0.537710
0.954688
0.976663
0.880694
0.602237
0.619942
0.636464
0.187141
0.358120
0.673644
0.699745
0.508648
0.426744
0.618396
0.692118
0.931152
0.852380
0.424464
0.363080
0.366461
0.022583
0.897936
0.802919
0.485090
0.762717
0.071266
0.932774
0.333175
0.186705
0.675915
0.114078
0.061331
0.552749
0.025430
0.601302
0.626141
0.071786
0.495552
0.862846
0.752848
0.442315
0.937143
0.536264
0.957735
0.206120
0.641365
0.672047
0.393906
0.454736
0.021268
0.178892
0.373666
0.884175
0.178960
0.624703
0.139669
0.250149
0.485205
0.403252
0.439543
0.708871
0.624198
0.448115
0.876639
0.118044
0.849788
0.727691
0.377692
0.305521
0.627265
0.976549
0.583363
0.044428
0.476646
0.108364
0.378100
0.468589
0.246306
0.295515
0.944853
0.858592
0.207507
0.220334
0.479014
0.629356
0.027032
0.639778
0.907315
0.049032
0.737336
0.425231
0.022162
0.619602
0.900724
0.642110
0.212975
0.758471
0.470049
0.375729
0.463702
0.840756
0.308612
0.094489
0.317991
0.617195
0.426479
0.184700
0.553322
0.226587
0.418296
0.346106
0.447176
0.708228
0.055322
0.216262
0.573051
0.713352
0.305336
0.718791
0.616387
0.527525
0.399798
0.610651
0.648197
0.008450
0.975640
0.118948
0.605165
0.245175
0.428501
0.149894
0.687656
0.563064
0.372926
0.540048
0.364692
0.464100
0.124952
0.996616
0.771961
0.679121
0.319024
0.296456
0.480476
0.187721
0.793567
0.059710
0.474185
0.564022
0.991483
0.125424
0.112656
0.461747
0.631795
0.457023
0.698245
0.410242
0.503176
0.445794
0.874104
0.719946
0.538579
0.987997
0.355523
0.997320
0.539115
0.457505
0.218489
0.468226
0.064603
0.840132
0.638493
0.273951
0.448492
0.472435
0.395501
0.657770
0.272989
0.574061
0.893859
0.671416
0.234727
0.722860
0.833933
0.528315
0.567655
0.668329
0.804147
0.048857
0.667411
0.199763
0.390438
0.130546
0.603763
0.514417
0.255860
0.113673
0.150460
0.538404
0.424160
0.554948
0.538962
0.573456
0.620580
0.672769
0.438539
0.115338
0.092747
0.113398
0.413986
0.122499
0.966402
0.575335
0.142034
0.682743
0.265292
0.647627
0.627777
0.707255
0.204707
0.434246
0.443470
0.423142
0.256159
0.444636
0.723557
0.375919
0.799116
0.949437
0.219400
0.954384
0.541406
0.234214
0.448528
0.671714
0.481903
0.549704
0.575237
0.628149
0.049827
0.213811
0.216558
0.851791
0.574898
0.365332
0.434797
0.524971
0.653002
0.165454
0.207683
0.203153
0.086495
0.193274
0.485581
0.220409
0.135444
0.274157
0.390499
0.040165
0.044991
0.459836
0.571806
0.459179
0.348834
0.958762
0.464943
0.284159
0.655299
0.397294
0.373509
0.632759
0.973209
0.411744
0.006575
0.575370
0.749197
0.449367
0.050826
0.075416
0.141342
0.002195
0.421801
0.429656
0.867420
0.557286
0.739019
0.230869
0.898942
0.310651
0.579712
0.666359
0.060650
0.729446
0.583299
0.861245
0.458384
0.830581
0.498654
0.328701
0.026340
0.673249
0.594550
0.773446
0.245976
0.848987
0.823839
0.181294
0.760445
0.645847
0.490121
0.346515
0.635784
0.988695
0.406946
0.284774
0.015143
0.533743
0.576917
0.258003
0.571526
0.626257
0.373286
0.602760
0.147089
0.258269
0.666815
0.334711
0.556624
0.093452
0.708865
0.118773
0.266666
0.203442
0.352787
0.776579
0.062159
0.816587
0.812628
0.358619
0.459387
0.484623
0.202932
0.213891
0.039313
0.274207
0.113368
0.517263
0.813248
0.548018
0.708231
0.451065
0.737775
0.273214
0.420474
0.797129
0.582913
0.270183
0.521358
0.715400
0.180866
0.953844
0.841846
0.617061
0.154887
0.898318
0.063645
0.460565
0.603350
0.598126
0.602296
0.900878
0.629606
0.978133
0.288760
0.943713
0.478796
0.562712
0.852011
0.609710
0.266708
0.189665
0.993657
0.387169
0.783261
0.860975
0.325755
0.547974
0.552202
0.359717
0.256382
0.219727
0.704246
0.610761
0.245854
0.112124
0.927319
0.459372
0.781849
0.798042
0.317309
0.213502
0.600802
0.922497
0.582046
0.725880
0.705318
0.513592
0.839803
0.073116
0.386558
0.442712
0.920301
0.481071
0.853593
0.459351
0.735346
0.387052
0.885148
0.462259
0.433067
0.449757
0.351986
0.927297
0.116812
0.760721
0.572631
0.108936
0.705853
0.364215
0.890483
0.497964
0.726426
0.580628
0.517102
0.231935
0.421185
0.401994
0.360565
0.329001
0.642237
0.407408
0.115018
0.675473
0.425767
0.524226
0.531821
0.901442
0.969654
0.587764
0.456863
0.654412
0.078740
0.286570
0.019612
0.338108
0.214585
0.677355
0.832127
0.368691
0.525316
0.560607
0.046264
0.960829
0.126720
0.627364
0.438261
0.169988
0.239064
0.645776
0.615198
0.586458
0.391071
0.737230
0.427938
0.927396
0.681116
0.411169
0.282072
0.506973
0.734939
0.301418
0.341893
0.845827
0.349918
0.511949
0.734386
0.842708
0.226421
0.848226
0.454691
0.577956
0.913069
0.414221
0.025312
0.191613
0.023166
0.030326
0.277213
0.948099
0.199861
0.521905
0.382152
0.261087
0.039042
0.010343
0.218354
0.663655
0.402767
0.609564
0.504842
0.370472
0.381948
0.199658
0.376061
0.628544
0.094861
0.814947
0.197799
0.436122
0.060279
0.444975
0.509973
0.567577
0.508418
0.902669
0.596283
0.426633
0.987903
0.886530
0.387193
0.451839
0.072232
0.443315
0.387795
0.691196
0.618489
0.440678
0.538504
0.339474
0.749923
0.253737
0.859337
0.208356
0.007696
0.508851
0.482252
0.547337
0.738940
0.576162
0.606369
0.155663
0.532080
0.116856
0.443249
0.200739
0.211859
0.553314
0.164650
0.889770
0.418941
0.852692
0.703524
0.571756
0.420856
0.128912
0.567451
0.346935
0.422943
0.580474
0.883413
0.534455
0.794724
0.129759
0.972422
0.615154
0.027607
0.534967
0.789818
0.500218
0.625441
0.084151
0.358106
0.416754
0.649287
0.761880
0.620189
0.534654
0.483592
0.490534
0.270214
0.272567
0.440659
0.642742
0.576953
0.725760
0.375084
0.456805
0.714653
0.044224
0.905142
0.375004
0.506812
0.629195
0.691398
0.685390
0.354047
0.949075
0.113321
0.608852
0.977865
0.397635
0.463317
0.734436
0.405747
0.032828
0.399462
0.230791
0.458705
0.265841
0.365904
0.577512
0.952775
0.570049
0.366489
0.224342
0.032354
0.453653
0.462280
0.668288
0.386613
0.626347
0.686975
0.339193
0.137558
0.414739
0.837955
0.905706
0.451973
0.468823
0.747426
0.230506
0.494153
0.933616
0.528689
0.870301
0.575161
0.645676
0.610964
0.093243
0.366755
0.926637
0.704567
0.998329
0.229748
0.812065
0.654143
0.744259
0.112017
0.489265
0.075479
0.457391
0.941541
0.570915
0.173916
0.622295
0.402515
0.122430
0.771710
0.529512
0.813464
0.510222
0.892609
0.720824
0.632216
0.468858
0.659864
0.720602
0.724558
0.869725
0.992747
0.717394
0.774689
0.512069
0.643860
0.078856
0.912076
0.190159
0.778745
0.560700
0.602011
0.014188
0.358959
0.368889
0.207795
0.621710
0.577406
0.540232
0.692231
0.381622
0.238929
0.402580
0.386281
0.526006
0.829963
0.047469
0.981604
0.495900
0.463808
0.397278
0.923590
0.399007
0.226403
0.817175
0.262108
0.882831
0.385275
0.630037
0.248517
0.164529
0.588553
0.817946
0.489899
0.998572
0.840084
0.721192
0.419207
0.520025
0.730780
0.282056
0.944517
0.446045
0.244590
0.572173
0.451519
0.230107
0.385360
0.635813
0.713961
0.472452
0.176840
0.756052
0.761809
0.310634
0.493524
0.601541
0.684734
0.877233
0.704932
0.398141
0.415686
0.523733
0.155708
0.570721
0.718466
0.136446
0.073580
0.909820
0.498661
0.549442
0.745978
0.544287
0.400667
0.141570
0.216552
0.284560
0.044004
0.694663
0.250342
0.535607
0.401424
0.818912
0.833785
0.189959
0.696926
0.246399
0.042868
0.500840
0.375900
0.990300
0.453577
0.492622
0.975774
0.280209
0.201602
0.000619
0.645921
0.564626
0.721138
0.372586
0.590436
0.137822
0.028472
0.374186
0.933814
0.483123
0.214516
0.465113
0.434879
0.325147
0.372670
0.070235
0.519120
0.050206
0.464494
0.136808
0.500086
0.208788
0.150552
0.572286
0.634113
0.209593
0.810314
0.391090
0.824303
0.767289
0.397876
0.490724
0.065797
0.514456
0.476789
0.858245
0.418413
0.424469
0.050899
0.550363
0.335005
0.216972
0.439976
0.183486
0.275887
0.522057
0.351847
0.471040
0.524758
0.569318
0.623694
0.424958
0.920045
0.538598
0.306627
0.684038
0.790220
0.569938
0.409472
0.411954
0.451322
0.410347
0.878860
0.847005
0.537795
0.846632
0.982323
0.006101
0.748761
0.105900
0.412762
0.478288
0.763441
0.477446
0.116812
0.892413
0.273494
0.578925
0.730161
0.974341
0.077544
0.801622
0.435761
0.367843
0.698095
0.827868
0.598158
0.841072
0.727305
0.417108
0.318214
0.132328
0.431458
0.398438
0.346046
0.624190
0.464901
0.727821
0.546198
0.020134
0.700883
0.007985
0.800628
0.254977
0.380816
0.413799
0.409202
0.412791
0.619244
0.734557
0.520049
0.925908
0.518273
0.694880
0.211643
0.617203
0.525781
0.932321
0.293801
0.948860
0.452830
0.116773
0.330074
0.082063
0.593070
0.020119
0.423812
0.819791
0.307312
0.573445
0.817668
0.522234
0.588212
0.926745
0.642357
0.813266
0.923447
0.588219
0.339536
0.306809
0.753434
0.085968
0.619523
0.960069
0.438984
0.353568
0.274721
0.645676
0.898126
0.068373
0.843806
0.624317
0.481722
0.566943
0.711221
0.119368
0.070485
0.225638
0.326088
0.555698
0.681946
0.269077
0.528076
0.422850
0.569951
0.329841
0.211581
0.538727
0.545564
0.311651
0.470002
0.469989
0.474572
0.374451
0.516144
0.425084
0.630724
0.247836
0.513056
0.721917
0.464384
0.626572
0.467076
0.382369
0.187113
0.474086
0.486529
0.391009
0.030371
0.261264
0.480735
0.593105
0.588801
0.563474
0.438617
0.821483
0.305306
0.448616
0.572977
0.384097
0.605375
0.064196
0.417516
0.551584
0.387136
0.761699
0.015881
0.801053
0.984038
0.036887
0.804757
0.631997
0.846446
0.375575
0.248190
0.762817
0.524229
0.064570
0.499283
0.710420
0.554817
0.587197
0.825564
0.509127
0.498027
0.493947
0.882622
0.899726
0.717160
0.992026
0.368337
0.799623
0.941189
0.378192
0.522873
0.850103
0.826946
0.081043
0.260528
0.010860
0.153156
0.419728
0.634899
0.860990
0.499536
0.390009
0.851327
0.768148
0.304015
0.798594
0.518139
0.391032
0.850290
0.031795
0.295898
0.462968
0.802659
0.707264
0.827755
0.627728
0.019445
0.089424
0.458356
0.427097
0.595294
0.537220
0.569656
0.974997
0.507934
0.200645
0.508788
0.469928
0.080864
0.575462
0.849252
0.005911
0.125146
0.523107
0.475492
0.773984
0.444380
0.188596
0.582898
0.825880
0.170523
0.602519
0.879299
0.601393
0.664388
0.297953
0.042672
0.886086
0.829077
0.474640
0.547014
0.798858
0.137342
0.287549
0.906124
0.023283
0.925123
0.804582
0.054196
0.093681
0.172634
0.989164
0.281150
0.464771
0.442182
0.610690
0.946555
0.685799
0.728907
0.525621
0.250775
0.492578
0.592629
0.819271
0.568306
0.546294
0.476249
0.748599
0.957721
0.475796
0.257994
0.481009
0.383069
0.307940
0.403155
0.482414
0.925310
0.731278
0.058613
0.432656
0.399239
0.635849
0.338915
0.066307
0.711688
0.541051
0.617310
0.028381
0.485909
0.001104
0.642671
0.936534
0.250624
0.124954
0.442479
0.905932
0.415156
0.344934
0.484511
0.123880
0.737081
0.533672
0.485303
0.765246
0.312290
0.611060
0.932532
0.514848
0.042639
0.723360
0.254176
0.706759
0.006603
0.454643
0.298611
0.617835
0.852309
0.406394
0.613217
0.569712
0.292559
0.632834
0.180697
0.595465
0.604835
0.026493
0.909128
0.442102
0.181043
0.810746
0.853353
0.137725
0.972793
0.791058
0.787121
0.635809
0.058559
0.402247
0.287663
0.481867
0.258109
0.755748
0.564050
0.472659
0.423551
0.813742
0.437295
0.683550
0.392066
0.182690
0.805524
0.846622
0.926208
0.205368
0.574327
0.609379
0.646740
0.923562
0.803521
0.116838
0.624675
0.607909
0.358895
0.625957
0.943462
0.469348
0.904744
0.811604
0.895507
0.211352
0.655116
0.380984
0.347842
0.788642
0.605151
0.086081
0.025707
0.837526
0.018649
0.042060
0.378224
0.546555
0.291248
0.421301
0.421680
0.915224
0.726547
0.003151
0.473354
0.542529
0.687847
0.459989
0.892817
0.256324
0.817056
0.499022
0.571975
0.270033
0.509812
0.653327
0.539553
0.568227
0.393098
0.008218
0.752134
0.197662
0.957081
0.755977
0.327995
0.127984
0.774016
0.116248
0.892873
0.323862
0.831581
0.841013
0.918279
0.939017
0.410989
0.771807
0.231444
0.268967
0.238723
0.272552
0.378504
0.445045
0.319876
0.070354
0.614550
0.312518
0.629689
0.427147
0.955870
0.443019
0.608576
0.584962
0.331683
0.462910
0.525312
0.216180
0.820464
0.563227
0.103892
0.448405
0.112629
0.651424
0.364335
0.108245
0.525458
0.453366
0.545563
0.363107
0.963298
0.622775
0.844209
0.211241
0.529497
0.462629
0.795217
0.626022
0.966711
0.442572
0.309151
0.269881
0.049931
0.773541
0.443341
0.116192
0.454647
0.532145
0.901884
0.767684
0.853862
0.508924
0.413752
0.742509
0.569831
0.014318
0.680555
0.111058
0.377546
0.470708
0.374050
0.968594
0.440060
0.601467
0.218235
0.562127
0.447787
0.256838
0.909745
0.969509
0.635919
0.015918
0.973571
0.014861
0.271985
0.505065
0.126247
0.472554
0.792669
0.688951
0.648986
0.131883
0.482914
0.930252
0.009565
0.620453
0.286866
0.375230
0.630986
0.133032
0.646183
0.665171
0.871575
0.697721
0.497551
0.277182
0.542394
0.148593
0.578646
0.663493
0.466942
0.185391
0.681876
0.898226
0.513496
0.624774
0.467803
0.072916
0.450828
0.370465
0.440276
0.868649
0.741742
0.380915
0.834486
0.267507
0.764465
0.457856
0.908013
0.313762
0.330056
0.283620
0.965699
0.489494
0.465998
0.351483
0.421841
0.217084
0.321659
0.368649
0.558892
0.050753
0.275266
0.689092
0.084681
0.957657
0.956289
0.987680
0.622460
0.024357
0.029024
0.700474
0.317866
0.959301
0.446323
0.462542
0.129972
0.801786
0.812780
0.403975
0.580039
0.563744
0.546424
0.411083
0.652014
0.610341
0.620006
0.390078
0.581088
0.627640
0.827176
0.045678
0.933299
0.386279
0.964071
0.575140
0.448813
0.786250
0.580558
0.329947
0.191179
0.570830
0.054864
0.382979
0.567230
0.334040
0.023921
0.419052
0.192754
0.881345
0.818691
0.593135
0.081550
0.453534
0.991530
0.085070
0.182740
0.572490
0.522654
0.221467
0.350916
0.633228
0.359940
0.453312
0.201869
0.600419
0.931366
0.462936
0.605117
0.677537
0.498243
0.407794
0.589383
0.087957
0.916409
0.370715
0.267969
0.607294
0.409860
0.456914
0.418355
0.543500
0.712545
0.522851
0.002099
0.147313
0.227564
0.534439
0.015587
0.719223
0.982399
0.957590
0.370628
0.492556
0.228408
0.810456
0.936740
0.621035
0.585112
0.397258
0.083443
0.504653
0.157105
0.708784
0.433989
0.886685
0.546493
0.516917
0.532025
0.341253
0.432499
0.138315
0.122695
0.564369
0.389864
0.407052
0.438700
0.645080
0.518208
0.099984
0.498816
0.565467
0.456952
0.364616
0.622809
0.541444
0.029595
0.910642
0.506071
0.868525
0.099437
0.592035
0.237026
0.232772
0.574556
0.063761
0.705094
0.076465
0.151586
0.326559
0.647955
0.287160
0.872931
0.393605
0.564480
0.575793
0.475027
0.220863
0.988369
0.486635
0.694308
0.080214
0.366256
0.852515
0.585618
0.037073
0.580098
0.725166
0.089372
0.878250
0.591455
0.827963
0.081308
0.547267
0.538502
0.292241
0.807812
0.340885
0.009665
0.465755
0.055069
0.727502
0.685409
0.004716
0.375436
0.493928
0.489980
0.087722
0.555098
0.088661
0.088917
0.132178
0.631485
0.970153
0.583083
0.597779
0.987799
0.621727
0.088266
0.498945
0.435102
0.568999
0.625727
0.867508
0.222266
0.715692
0.589862
0.307440
0.023538
0.415778
0.098946
0.499830
0.834058
0.563031
0.186678
0.279991
0.435038
0.260179
0.180288
0.473290
0.587789
0.958209
0.212979
0.158824
0.588446
0.595671
0.885613
0.532604
0.777924
0.912110
0.229401
0.962284
0.360318
0.410751
0.287992
0.111538
0.591963
0.791338
0.468219
0.216179
0.067505
0.191425
0.567463
0.472220
0.496014
0.251054
0.328376
0.366717
0.459698
0.070467
0.555804
0.784738
0.737278
0.548411
0.634189
0.235726
0.022903
0.742840
0.296236
0.485346
0.441066
0.067426
0.035843
0.388815
0.611287
0.925894
0.473772
0.410800
0.123235
0.077688
0.205913
0.423931
0.899913
0.346931
0.186361
0.134171
0.498650
0.612469
0.192596
0.655441
0.464340
0.156136
0.512048
0.315595
0.083169
0.515985
0.014237
0.484775
0.201024
0.541011
0.740324
0.304266
0.574240
0.105088
0.373262
0.805901
0.319851
0.450249
0.496501
0.613552
0.614590
0.007579
0.452196
0.604825
0.794393
0.168365
0.385988
0.309064
0.861866
0.465682
0.697245
0.193426
0.463891
0.218679
0.026633
0.235018
0.764763
0.661924
0.430238
0.204479
0.495943
0.495160
0.600963
0.790357
0.125209
0.428082
0.555093
0.002099
0.888996
0.364412
0.791501
0.801884
0.824733
0.979020
0.221995
0.736473
0.056917
0.434334
0.541966
0.452125
0.528448
0.044526
0.387102
0.483161
0.413574
0.389936
0.482645
0.127583
0.443754
0.807125
0.750352
0.541603
0.770846
0.592850
0.519942
0.192377
0.603922
0.635909
0.165911
0.298305
0.428173
0.506693
0.560264
0.095200
0.549685
0.648727
0.706851
0.826337
0.090467
0.428420
0.390613
0.511114
0.821779
0.789297
0.170126
0.972406
0.236275
0.209708
0.417395
0.329111
0.799245
0.635666
0.571593
0.983711
0.635184
0.863930
0.086815
0.997887
0.540229
0.116629
0.984324
0.485563
0.924944
0.217887
0.919708
0.466134
0.851635
0.556501
0.876914
0.546061
0.492061
0.789927
0.123473
0.035782
0.356287
0.560693
0.436864
0.382554
0.792689
0.401876
0.562228
0.553533
0.731733
0.296803
0.428786
0.381547
0.128759
0.649197
0.388646
0.050171
0.364480
0.857805
0.567546
0.680790
0.769858
0.948243
0.419582
0.407226
0.830086
0.311796
0.941139
0.554846
0.749259
0.695471
0.265420
0.814686
0.505106
0.592544
0.371395
0.581764
0.344013
0.118182
0.247989
0.564529
0.596941
0.927351
0.513475
0.772426
0.525202
0.082979
0.569714
0.279577
0.467221
0.523616
0.298661
0.926273
0.447989
0.555970
0.236503
0.933401
0.544738
0.412124
0.650770
0.792993
0.483952
0.493312
0.410981
0.268226
0.161271
0.529130
0.573223
0.132226
0.479796
0.321310
0.337862
0.829762
0.608799
0.238752
0.303272
0.805602
0.468792
0.879207
0.627530
0.412474
0.500193
0.703613
0.488615
0.105097
0.740431
0.745048
0.507288
0.552120
0.774199
0.220668
0.075458
0.519207
0.621514
0.178474
0.274088
0.222271
0.593439
0.166469
0.124437
0.608567
0.259742
0.262507
0.384086
0.274604
0.471286
0.303145
0.146434
0.983561
0.484406
0.274199
0.489957
0.224980
0.990761
0.405260
0.010541
0.791889
0.776537
0.557766
0.627459
0.420101
0.909015
0.463797
0.966448
0.944931
0.870900
0.111654
0.538819
0.286273
0.973252
0.196105
0.492699
0.515761
0.420168
0.583562
0.533427
0.600549
0.358532
0.836950
0.677291
0.530185
0.721295
0.083875
0.527640
0.530529
0.727480
0.516617
0.463944
0.091127
0.790139
0.329944
0.562190
0.062219
0.479039
0.688774
0.749112
0.246783
0.062955
0.412254
0.961394
0.980135
0.188769
0.966296
0.379500
0.495599
0.844159
0.112833
0.261010
0.456850
0.790437
0.310315
0.671961
0.425572
0.109809
0.810723
0.290330
0.396285
0.745177
0.930717
0.726931
0.574949
0.368300
0.365065
0.132376
0.344146
0.282777
0.019979
0.953301
0.775508
0.506137
0.565350
0.392558
0.933208
0.105661
0.969580
0.429120
0.082908
0.939676
0.765744
0.400168
0.012662
0.729689
0.093886
0.861789
0.299077
0.468356
0.285589
0.138725
0.543640
0.464251
0.844079
0.239801
0.743357
0.593111
0.098453
0.750953
0.449961
0.049085
0.425071
0.407374
0.536082
0.777561
0.354523
0.479079
0.282308
0.624428
0.372622
0.502256
0.384653
0.403235
0.497519
0.639956
0.715744
0.614098
0.622988
0.995529
0.006421
0.369075
0.185089
0.279292
0.460158
0.668282
0.398493
0.179172
0.417245
0.414821
0.052495
0.684091
0.369714
0.845127
0.371714
0.263071
0.324524
0.516530
0.369326
0.957274
0.169228
0.633127
0.531145
0.588956
0.759042
0.635334
0.917610
0.288831
0.506397
0.961077
0.111550
0.344328
0.746608
0.379130
0.680866
0.597603
0.897081
0.011500
0.743214
0.694297
0.857807
0.522484
0.560525
0.292485
0.332261
0.170903
0.456922
0.575120
0.523919
0.683243
0.351052
0.078388
0.215856
0.532257
0.437686
0.632008
0.815529
0.046420
0.232485
0.523410
0.685615
0.516894
0.728726
0.619626
0.763420
0.558222
0.312721
0.805101
0.851922
0.941667
0.863316
0.310051
0.846138
0.639980
0.940951
0.339816
0.753025
0.785120
0.257809
0.025111
0.591978
0.106058
0.864378
0.402121
