0.782968
0.112214
0.122284
0.934213
0.756007
0.387111
0.884849
0.654460
0.481846
0.588465
0.484189
0.423843
0.600356
0.288956
0.628148
0.281524
0.600759
0.276607
0.770196
0.195998
0.246803
0.963527
0.084318
0.439933
0.290511
0.129541
0.292932
0.681493
0.909193
0.283514
0.201889
0.332015
0.564659
0.768813
0.990065
0.962502
0.800102
0.196298
0.053773
0.366775
0.644651
0.907013
0.852733
0.298529
0.317476
0.415912
0.161000
0.668426
0.150599
0.244318
0.773398
0.855870
0.895358
0.962968
0.855838
0.515406
0.318984
0.121021
0.261259
0.983134
0.310456
0.702634
0.998496
0.965786
0.511093
0.211006
0.778794
0.400216
0.061400
0.131796
0.716105
0.205274
0.628270
0.470567
0.941129
0.320622
0.058084
0.882636
0.460871
0.947286
0.291778
0.834724
0.047168
0.928462
0.529394
0.922459
0.844813
0.366655
0.319327
0.869378
0.077416
0.925434
0.294872
0.789179
0.842851
0.718702
0.526333
0.547659
0.788611
0.590618
0.095808
0.004952
0.579918
0.281646
0.237085
0.216031
0.505354
0.699005
0.505613
0.014257
0.394600
0.536218
0.016487
0.699162
0.461546
0.542020
0.497307
0.277602
0.326399
0.472597
0.348370
0.305277
0.098942
0.422062
0.442692
0.282864
0.651872
0.861414
0.339565
0.785441
0.245100
0.127503
0.060815
0.263572
0.326347
0.954350
0.718849
0.219364
0.560696
0.969112
0.359528
0.891029
0.814911
0.590470
0.998329
0.626920
0.049423
0.783104
0.087242
0.430652
0.212454
0.912405
0.012316
0.486662
0.293860
0.441738
0.690164
0.070663
0.532870
0.663539
0.441769
0.700552
0.205417
0.226775
0.860103
0.357880
0.251732
0.458048
0.531449
0.987345
0.233581
0.558263
0.566746
0.163432
0.910968
0.685157
0.464243
0.950841
0.596992
0.148026
0.220461
0.479084
0.215430
0.540142
0.439461
0.060622
0.106414
0.968626
0.344043
0.017203
0.101612
0.661319
0.193279
0.646557
0.562158
0.418183
0.301996
0.513670
0.447725
0.859190
0.083302
0.736357
0.893985
0.690164
0.819392
0.590421
0.320470
0.069954
0.724399
0.384664
0.675341
0.825688
0.891180
0.180121
0.923130
0.721230
0.696905
0.792577
0.962887
0.652669
0.482802
0.541125
0.535535
0.218193
0.820947
0.868000
0.771603
0.673027
0.509107
0.799062
0.757792
0.876409
0.552704
0.378564
0.776620
0.357109
0.340247
0.550546
0.524150
0.536058
0.654937
0.454508
0.473144
0.240579
0.756256
0.760892
0.030388
0.060681
0.123980
0.108140
0.807880
0.603517
0.930110
0.891267
0.093999
0.974216
0.700831
0.135311
0.147525
0.251696
0.906330
0.483043
0.845886
0.853254
0.499905
0.765176
0.742121
0.885038
0.340837
0.872042
0.059848
0.899785
0.320123
0.859984
0.266709
0.452260
0.844913
0.276694
0.899202
0.790269
0.562585
0.678927
0.604343
0.907473
0.059439
0.123793
0.261371
0.255642
0.202555
0.100703
0.985025
0.134002
0.649133
0.928901
0.074150
0.808409
0.956149
0.564749
0.195048
0.699236
0.724369
0.587272
0.114073
0.917586
0.402876
0.702206
0.287993
0.573188
0.611587
0.334803
0.589471
0.112578
0.062456
0.169353
0.339252
0.892211
0.767254
0.902856
0.142584
0.387625
0.194882
0.278959
0.733980
0.577827
0.589017
0.966685
0.356825
0.215826
0.495699
0.387551
0.547941
0.702991
0.872079
0.268501
0.203334
0.271399
0.968357
0.132197
0.396925
0.193331
0.521554
0.531823
0.045930
0.577993
0.198269
0.257385
0.115902
0.712883
0.010476
0.220073
0.058945
0.580797
0.856582
0.189598
0.943954
0.391698
0.361060
0.169504
0.182068
0.814595
0.706497
0.038077
0.713199
0.163575
0.465857
0.606036
0.849379
0.842848
0.728394
0.757028
0.284870
0.893976
0.574662
0.914418
0.774504
0.257283
0.777783
0.612139
0.548653
0.545822
0.102017
0.755619
0.084919
0.295497
0.404564
0.437116
0.289715
0.197885
0.828380
0.080973
0.563632
0.005039
0.570212
0.283255
0.588058
0.593027
0.736702
0.060038
0.753502
0.037051
0.697283
0.375072
0.590969
0.876215
0.419267
0.368321
0.519356
0.707259
0.870985
0.349588
0.052312
0.502394
0.754597
0.661466
0.554497
0.614626
0.670619
0.127737
0.990415
0.642473
0.990719
0.577157
0.616634
0.086229
0.097809
0.677053
0.049642
0.426785
0.891847
0.732377
0.661010
0.471380
0.860034
0.317866
0.553152
0.723214
0.204860
0.959586
0.853512
0.402802
0.506676
0.463074
0.760028
0.266330
0.775540
0.519026
0.972528
0.809400
0.793646
0.848771
0.481754
0.578455
0.744605
0.718507
0.420744
0.036889
0.241987
0.741515
0.529285
0.290591
0.333970
0.869035
0.157158
0.917450
0.202773
0.290064
0.834284
0.146142
0.011269
0.883562
0.855769
0.562625
0.557717
0.449418
0.012877
0.492499
0.010009
0.471303
0.681232
0.079934
0.075644
0.354623
0.661783
0.937188
0.233479
0.596009
0.692727
0.231549
0.408159
0.528936
0.528384
0.784234
0.635113
0.411003
0.765809
0.794873
0.868655
0.960520
0.672483
0.929507
0.314867
0.017670
0.301402
0.672782
0.897649
0.114755
0.198048
0.735910
0.295978
0.945577
0.904522
0.932779
0.165018
0.583053
0.801758
0.006356
0.601456
0.236707
0.247334
0.972658
0.260999
0.127244
0.550811
0.261480
0.154116
0.911931
0.836081
0.684385
0.002562
0.729392
0.676448
0.757401
0.966375
0.063964
0.567975
0.807017
0.449910
0.822958
0.404722
0.321150
0.136249
0.132051
0.656931
0.794240
0.642307
0.528476
0.778910
0.118613
0.221649
0.780045
0.106462
0.869954
0.939787
0.555709
0.867294
0.546472
0.711464
0.259862
0.243658
0.352503
0.183751
0.444206
0.693730
0.788219
0.748747
0.253602
0.850540
0.051004
0.742348
0.215663
0.220645
0.441413
0.513356
0.722314
0.016977
0.231910
0.380049
0.085649
0.077791
0.950741
0.848515
0.082090
0.764849
0.238152
0.548418
0.698894
0.795334
0.370594
0.718388
0.255243
0.660791
0.226805
0.320731
0.891786
0.458678
0.788255
0.197463
0.395511
0.607792
0.114767
0.897761
0.384398
0.481650
0.474188
0.956328
0.735738
0.180370
0.788591
0.169078
0.516352
0.242551
0.374308
0.031404
0.868955
0.683603
0.055815
0.093739
0.899073
0.246006
0.000378
0.277200
0.778514
0.264408
0.519259
0.133894
0.126870
0.967747
0.132893
0.761126
0.513965
0.384028
0.795014
0.938600
0.009688
0.559706
0.200513
0.360836
0.369915
0.133826
0.589310
0.962463
0.922092
0.585821
0.638836
0.487332
0.809447
0.875651
0.845035
0.473644
0.022064
0.285298
0.867739
0.248395
0.384551
0.992564
0.160001
0.661427
0.219256
0.844506
0.725252
0.039521
0.773004
0.103752
0.077463
0.267399
0.250676
0.265620
0.229158
0.169390
0.241028
0.445967
0.116286
0.630268
0.026117
0.696473
0.473062
0.319004
0.656771
0.851300
0.666834
0.249058
0.542051
0.596144
0.297367
0.200288
0.373968
0.277960
0.283000
0.369028
0.584140
0.102581
0.771704
0.287354
0.847477
0.073749
0.482253
0.934337
0.243975
0.098980
0.499040
0.509872
0.867772
0.293144
0.470367
0.407160
0.363286
0.287400
0.159988
0.465083
0.286067
0.616491
0.290061
0.390871
0.369188
0.575648
0.529104
0.711854
0.662057
0.343607
0.583657
0.830349
0.068332
0.013478
0.782443
0.362427
0.808838
0.980955
0.180730
0.140472
0.104511
0.953297
0.329450
0.642666
0.379989
0.394945
0.000851
0.929826
0.222817
0.655295
0.670242
0.498715
0.689379
0.146467
0.892799
0.703506
0.151744
0.306528
0.349217
0.614472
0.418058
0.336467
0.807879
0.198244
0.734717
0.269753
0.014577
0.168745
0.967775
0.468583
0.489259
0.269858
0.433973
0.010805
0.267983
0.587819
0.228010
0.554943
0.573163
0.385848
0.677858
0.654122
0.658155
0.982078
0.544111
0.738916
0.914253
0.982098
0.074865
0.750762
0.387783
0.025786
0.809346
0.223530
0.446603
0.649030
0.503204
0.514595
0.019174
0.723054
0.445029
0.280029
0.260985
0.097068
0.592458
0.863679
0.581266
0.429191
0.436085
0.194263
0.520467
0.820252
0.198092
0.053073
0.744010
0.695380
0.000953
0.458135
0.571571
0.983504
0.943093
0.495875
0.647948
0.036078
0.987008
0.759903
0.861424
0.253189
0.029416
0.650201
0.306510
0.801344
0.898340
0.763641
0.039304
0.031707
0.088145
0.446934
0.673999
0.919197
0.499233
0.219356
0.509141
0.367073
0.680086
0.927235
0.836717
0.027764
0.457887
0.623004
0.750338
0.418012
0.716644
0.953653
0.365901
0.598620
0.816367
0.918519
0.552925
0.635083
0.058809
0.429696
0.608590
0.822908
0.727734
0.190384
0.663797
0.879573
0.095718
0.525978
0.671900
0.920396
0.766947
0.670508
0.688670
0.006182
0.568955
0.865040
0.217524
0.885489
0.621406
0.209942
0.782692
0.925138
0.658888
0.555757
0.998693
0.824185
0.635607
0.191107
0.208861
0.844997
0.164120
0.781718
0.500193
0.011535
0.206842
0.069740
0.894519
0.696641
0.121670
0.138962
0.346709
0.249992
0.996411
0.596014
0.693763
0.796042
0.200701
0.970843
0.405388
0.814890
0.862488
0.382181
0.688562
0.535833
0.976250
0.251646
0.503419
0.620203
0.635920
0.082251
0.312809
0.100318
0.309789
0.330621
0.948036
0.242735
0.952910
0.915913
0.651225
0.868585
0.943403
0.490981
0.276196
0.690283
0.187552
0.862116
0.436936
0.928536
0.964553
0.872639
0.037664
0.594320
0.743170
0.995543
0.454620
0.904304
0.442319
0.378759
0.869306
0.507191
0.225687
0.487471
0.102905
0.559398
0.526792
0.908065
0.941123
0.129830
0.958682
0.649994
0.493346
0.455395
0.296082
0.164834
0.937982
0.527315
0.692000
0.471537
0.282755
0.448563
0.180342
0.390215
0.681509
0.321790
0.515984
0.720734
0.078454
0.055067
0.540148
0.193787
0.547761
0.339771
0.860650
0.924487
0.183636
0.374881
0.601932
0.079824
0.865343
0.913060
0.695044
0.758126
0.677864
0.334118
0.568668
0.813388
0.270106
0.770003
0.692084
0.705330
0.231725
0.434749
0.300406
0.914400
0.034354
0.919244
0.287655
0.943814
0.405205
0.618709
0.252095
0.720955
0.677169
0.655914
0.950346
0.588123
0.162305
0.063559
0.237002
0.590214
0.243176
0.016669
0.698941
0.298036
0.009938
0.388588
0.535996
0.747109
0.652087
0.308827
0.157670
0.637016
0.962064
0.264468
0.040538
0.510204
0.812545
0.128116
0.990216
0.400436
0.644391
0.359260
0.386380
0.157424
0.276830
0.220207
0.047792
0.271854
0.229631
0.200311
0.807452
0.600301
0.691907
0.748508
0.171785
0.666897
0.394383
0.500033
0.589773
0.693949
0.457227
0.965826
0.870356
0.254300
0.760332
0.224690
0.153132
0.800087
0.709326
0.648877
0.864831
0.936010
0.467411
0.113731
0.578283
0.412610
0.474837
0.651314
0.920695
0.278248
0.428052
0.183851
0.508727
0.835450
0.994894
0.810678
0.661594
0.819731
0.926513
0.180743
0.373351
0.554264
0.033433
0.136269
0.127898
0.015112
0.668162
0.115860
0.128156
0.746108
0.217835
0.687014
0.488446
0.749579
0.393129
0.384043
0.912333
0.642665
0.308614
0.618418
0.420700
0.682322
0.851192
0.287019
0.915262
0.077967
0.359407
0.372604
0.324968
0.707923
0.904282
0.786191
0.848040
0.518437
0.110260
0.615640
0.767569
0.572573
0.985852
0.817738
0.949698
0.281815
0.373158
0.994699
0.088815
0.564240
0.673009
0.469944
0.897921
0.535383
0.048215
0.910292
0.802707
0.991304
0.474879
0.166663
0.590832
0.507557
0.732695
0.431944
0.772943
0.388157
0.301149
0.357741
0.742756
0.113817
0.668278
0.999121
0.123939
0.945715
0.251589
0.241574
0.298730
0.846404
0.199252
0.140462
0.699987
0.641612
0.201590
0.209437
0.798727
0.883703
0.774969
0.084644
0.671521
0.615804
0.633089
0.383918
0.298167
0.581524
0.545565
0.059973
0.708357
0.972872
0.009122
0.765050
0.258760
0.634065
0.091582
0.634735
0.753353
0.730702
0.897761
0.416371
0.133118
0.542425
0.506025
0.892726
0.455147
0.936376
0.731879
0.728645
0.627785
0.236609
0.606721
0.604012
0.656605
0.709271
0.692168
0.440750
0.043593
0.673447
0.221965
0.140365
0.112938
0.302212
0.468098
0.824222
0.018681
0.773481
0.705546
0.313612
0.704018
0.306560
0.730384
0.206153
0.269629
0.217213
0.620085
0.355729
0.386667
0.368989
0.077388
0.257932
0.521771
0.961247
0.733550
0.396109
0.515794
0.501970
0.121590
0.379686
0.399960
0.915094
0.634538
0.522045
0.179561
0.209617
0.733388
0.065361
0.570711
0.046105
0.539420
0.719106
0.390173
0.640030
0.206681
0.990654
0.009184
0.429078
0.188124
0.480041
0.746960
0.235308
0.129216
0.371087
0.714489
0.667680
0.899668
0.945227
0.157693
0.234929
0.406839
0.798446
0.990434
0.562385
0.707277
0.087045
0.020751
0.634690
0.740201
0.423967
0.090409
0.374723
0.211664
0.909497
0.313729
0.664909
0.200566
0.418116
0.805097
0.176944
0.446642
0.804464
0.299004
0.859148
0.575424
0.135614
0.689405
0.329805
0.028785
0.723993
0.193662
0.594700
0.281568
0.846067
0.639211
0.932510
0.175771
0.575352
0.254386
0.087870
0.562564
0.212599
0.204334
0.577756
0.984298
0.528471
0.085575
0.134312
0.302869
0.068890
0.662264
0.232751
0.167029
0.377693
0.532748
0.565855
0.190708
0.077366
0.744687
0.331510
0.513837
0.220145
0.728826
0.269644
0.381059
0.997104
0.927116
0.606833
0.635631
0.879943
0.029845
0.373518
0.868193
0.199927
0.094376
0.141056
0.859830
0.471769
0.937932
0.038041
0.318047
0.050912
0.579508
0.575032
0.772564
0.384620
0.508489
0.191705
0.488512
0.115328
0.398188
0.607151
0.165286
0.395448
0.635238
0.774812
0.906503
0.648479
0.997422
0.947236
0.476948
0.537497
0.462479
0.483543
0.530191
0.884393
0.704233
0.911321
0.718831
0.003304
0.889533
0.386733
0.121721
0.221659
0.385968
0.770245
0.401292
0.388042
0.863432
0.108610
0.529149
0.003255
0.984514
0.352095
0.651904
0.780008
0.671910
0.632231
0.541525
0.826897
0.575842
0.994744
0.884364
0.836593
0.329621
0.185227
0.301748
0.716673
0.572107
0.379049
0.758481
0.918669
0.442269
0.230421
0.270512
0.726373
0.225660
0.079928
0.289345
0.216016
0.360188
0.495467
0.496046
0.154799
0.271673
0.728135
0.309321
0.924916
0.315181
0.932056
0.443927
0.273807
0.225960
0.486967
0.596892
0.629185
0.123395
0.982823
0.067079
0.527835
0.404171
0.108125
0.010296
0.414131
0.313558
0.329524
0.443697
0.400502
0.697397
0.610131
0.944503
0.988539
0.092032
0.449430
0.510321
0.362687
0.939631
0.838925
0.155890
0.816116
0.983334
0.989348
0.778525
0.060911
0.548350
0.376851
0.450534
0.341207
0.096885
0.570698
0.532112
0.465450
0.778041
0.230576
0.748538
0.738716
0.428897
0.071614
0.545966
0.962132
0.765493
0.529259
0.868885
0.616222
0.166663
0.655604
0.640891
0.140689
0.881127
0.537770
0.695347
0.981096
0.071693
0.045718
0.662441
0.042128
0.021416
0.458203
0.733312
0.357864
0.205007
0.295912
0.122206
0.622521
0.334008
0.426484
0.422557
0.378492
0.235458
0.104533
0.360239
0.291618
0.619792
0.177667
0.355882
0.583622
0.352916
0.000749
0.693014
0.771971
0.453587
0.816803
0.143194
0.402698
0.799864
0.279300
0.109864
0.680458
0.249560
0.771165
0.245737
0.359538
0.114050
0.895676
0.993425
0.403841
0.101792
0.171983
0.410261
0.677913
0.287315
0.937058
0.098704
0.572793
0.432216
0.826438
0.624490
0.668124
0.060083
0.321456
0.118631
0.782816
0.974164
0.267296
0.356104
0.729232
0.946114
0.238115
0.627527
0.258557
0.458196
0.209492
0.265796
0.783573
0.642432
0.047157
0.598747
0.103236
0.203985
0.446767
0.159931
0.944104
0.835454
0.613944
0.814155
0.759379
0.161031
0.221193
0.008411
0.562559
0.484381
0.364268
0.349895
0.601095
0.149391
0.732337
0.385200
0.734902
0.848311
0.303285
0.369963
0.356584
0.956332
0.307435
0.680494
0.342396
0.999131
0.313727
0.831513
0.888501
0.674617
0.740420
0.768199
0.618813
0.517880
0.427370
0.544164
0.344352
0.885286
0.550189
0.895147
0.340999
0.971503
0.375263
0.853260
0.110132
0.964159
0.955267
0.266936
0.502161
0.217802
0.830371
0.276741
0.232044
0.015882
0.471259
0.421370
0.695845
0.709107
0.763091
0.443768
0.440036
0.087076
0.337626
0.401938
0.191116
0.724684
0.962970
0.972435
0.825587
0.892737
0.311036
0.403307
0.327427
0.329771
0.635629
0.793625
0.114533
0.743911
0.732121
0.913330
0.930522
0.534280
0.777082
0.933333
0.078939
0.954301
0.625290
0.597514
0.767532
0.628441
0.506938
0.134896
0.605954
0.005915
0.950486
0.314266
0.827818
0.651184
0.478609
0.792140
0.139012
0.324797
0.317757
0.170470
0.780922
0.080984
0.396670
0.550693
0.665290
0.978548
0.798100
0.788326
0.291386
0.644835
0.477709
0.954750
0.629785
0.485193
0.420670
0.992103
0.944217
0.701774
0.288647
0.157085
0.724350
0.273250
0.710409
0.742223
0.539590
0.634665
0.930162
0.831906
0.623200
0.862530
0.571974
0.435424
0.601077
0.539221
0.374067
0.137347
0.037925
0.659861
0.158903
0.555369
0.811926
0.193118
0.423763
0.505966
0.975642
0.135132
0.461134
0.616588
0.050706
0.178698
0.376570
0.971315
0.532710
0.644619
0.228873
0.476048
0.102949
0.253250
0.031948
0.459328
0.558786
0.906744
0.012190
0.039880
0.155252
0.625657
0.620659
0.000587
0.174161
0.952776
0.100662
0.408594
0.769426
0.943142
0.851043
0.890136
0.856830
0.969957
0.424188
0.698291
0.301561
0.770682
0.743869
0.687296
0.880823
0.738061
0.627397
0.924469
0.456780
0.514828
0.618221
0.600486
0.735168
0.266252
0.928161
0.208763
0.721826
0.223356
0.331865
0.918245
0.620332
0.244131
0.947394
0.851011
0.025541
0.266831
0.420355
0.233503
0.502839
0.665392
0.756043
0.715405
0.490279
0.163490
0.291105
0.573409
0.951604
0.519609
0.212926
0.986988
0.643198
0.253664
0.704759
0.228378
0.454710
0.469640
0.861450
0.950668
0.271689
0.739150
0.785292
0.753557
0.658166
0.445898
0.102034
0.057262
0.032598
0.398068
0.020999
0.741910
0.283009
0.173483
0.991525
0.377605
0.908806
0.943482
0.956675
0.951139
0.929356
0.357450
0.967402
0.595627
0.527762
0.712354
0.520002
0.418973
0.642929
0.783119
0.668439
0.533353
0.795019
0.774383
0.621347
0.955659
0.722214
0.322455
0.312519
0.640572
0.154283
0.514882
0.409286
0.954434
0.385762
0.863201
0.879036
0.969344
0.591923
0.463529
0.304982
0.641461
0.023659
0.920489
0.701367
0.289967
0.294153
0.596994
0.395472
0.936612
0.147683
0.522757
0.487876
0.903188
0.466132
0.653620
0.485515
0.566028
0.593687
0.980265
0.249035
0.418399
0.823695
0.312600
0.120294
0.946010
0.369786
0.525616
0.724167
0.424261
0.996869
0.628778
0.549102
0.201865
0.549343
0.163170
0.004905
0.409464
0.400370
0.065210
0.067615
0.951183
0.123230
0.660507
0.809191
0.111376
0.504594
0.555395
0.893132
0.848807
0.912614
0.377282
0.211556
0.771350
0.883290
0.968788
0.822625
0.285138
0.090053
0.225757
0.501723
0.675911
0.552917
0.825197
0.360128
0.518217
0.503593
0.636500
0.325304
0.364799
0.088640
0.948745
0.505527
0.187131
0.971926
0.612510
0.787135
0.056156
0.504942
0.570569
0.641917
0.549889
0.526338
0.806613
0.534547
0.479438
0.504023
0.864745
0.071480
0.101974
0.485329
0.831339
0.082335
0.950224
0.583884
0.374450
0.830527
0.375992
0.813365
0.448334
0.169151
0.099390
0.111383
0.680787
0.037510
0.340499
0.408401
0.115201
0.587619
0.772107
0.208928
0.716890
0.301371
0.460169
0.580398
0.745853
0.636668
0.642489
0.257088
0.551772
0.564889
0.753807
0.442216
0.365027
0.339939
0.673732
0.462681
0.579697
0.140162
0.795882
0.336262
0.319792
0.466668
0.289183
0.543463
0.213746
0.547224
0.064693
0.177543
0.330967
0.439991
0.750844
0.598814
0.245081
0.457167
0.030107
0.972660
0.798291
0.080504
0.802873
0.288639
0.841790
0.532274
0.015841
0.535603
0.225453
0.633461
0.844129
0.994878
0.492786
0.435830
0.388847
0.202566
0.684945
0.079427
0.700570
0.021982
0.515338
0.721604
0.964796
0.271580
0.457385
0.375600
0.044563
0.639254
0.718982
0.313734
0.245249
0.121979
0.532349
0.409860
0.508323
0.201247
0.871393
0.351960
0.354140
0.561061
0.308345
0.264168
0.768865
0.877920
0.697054
0.507980
0.588300
0.326301
0.288390
0.308967
0.959794
0.539952
0.494776
0.371684
0.693520
0.309913
0.439468
0.707385
0.821960
0.033893
0.097570
0.015108
0.678679
0.176954
0.136886
0.201263
0.652728
0.263260
0.642377
0.015293
0.767642
0.537252
0.894203
0.554794
0.575776
0.710016
0.290725
0.349794
0.633365
0.388275
0.582946
0.118322
0.648563
0.040154
0.221996
0.744176
0.912998
0.095744
0.366296
0.658830
0.331751
0.333084
0.165648
0.343182
0.131373
0.544890
0.948232
0.788046
0.801739
0.966847
0.178818
0.750116
0.938504
0.704579
0.674923
0.599470
0.678188
0.446979
0.614081
0.192806
0.602342
0.517747
0.757432
0.537387
0.382157
0.021750
0.805727
0.676679
0.103616
0.432162
0.630101
0.075149
0.396016
0.383712
0.565110
0.624994
0.245991
0.075725
0.312341
0.160532
0.853667
0.691853
0.218708
0.916678
0.779712
0.959076
0.735185
0.899708
0.920808
0.383372
0.397617
0.634952
0.006315
0.361400
0.782194
0.397265
0.776089
0.863379
0.813352
0.629505
0.123485
0.944354
0.547214
0.734544
0.038285
0.186208
0.968963
0.118777
0.055240
0.535724
0.931592
0.880216
0.778504
0.638155
0.021197
0.497697
0.618325
0.614609
0.381834
0.944945
0.967976
0.142043
0.273854
0.695818
0.048642
0.346283
0.214278
0.202037
0.796626
0.556525
0.106715
0.292993
0.579373
0.151024
0.608543
0.291144
0.641219
0.692791
0.955698
0.414160
0.836917
0.218667
0.670365
0.203505
0.201032
0.220931
0.520958
0.556048
0.129492
0.543219
0.039099
0.996680
0.768415
0.593181
0.611357
0.846486
0.017824
0.333449
0.225372
0.688601
0.110267
0.158530
0.150417
0.401060
0.276850
0.062009
0.557227
0.286278
0.199404
0.570835
0.283281
0.617741
0.997567
0.742924
0.874985
0.838024
0.067319
0.556043
0.962767
0.312792
0.423680
0.561586
0.550682
0.306122
0.987921
0.407000
0.686126
0.680061
0.846809
0.415625
0.229380
0.140188
0.438102
0.292690
0.413747
0.416939
0.861262
0.498443
0.119657
0.429949
0.488036
0.791738
0.581959
0.790616
0.339826
0.559050
0.049826
0.134542
0.925728
0.485402
0.467551
0.863115
0.282372
0.345939
0.899086
0.676547
0.767532
0.248450
0.128218
0.247358
0.685562
0.950958
0.272988
0.787316
0.953848
0.456936
0.087905
0.158768
0.155863
0.229981
0.143151
0.161906
0.706555
0.319817
0.155850
0.631665
0.336164
0.398454
0.591102
0.669095
0.049522
0.974348
0.482938
0.374577
0.642746
0.871834
0.312762
0.826472
0.404718
0.929305
0.206246
0.760111
0.155016
0.201555
0.926755
0.844249
0.213509
0.185029
0.895629
0.769407
0.493320
0.059015
0.990809
0.777492
0.391631
0.401109
0.264541
0.168866
0.306392
0.984205
0.770993
0.831940
0.469850
0.917844
0.669170
0.022844
0.303988
0.780423
0.775365
0.604951
0.955044
0.220592
0.780763
0.852279
0.740281
0.464358
0.661376
0.570550
0.926314
0.389726
0.660772
0.539874
0.490440
0.008379
0.342475
0.097737
0.970638
0.844231
0.050187
0.712713
0.912633
0.214567
0.451697
0.582943
0.827305
0.059557
0.920991
0.671738
0.927718
0.988527
0.194657
0.483541
0.433535
0.291192
0.390107
0.504787
0.596692
0.579469
0.994776
0.181689
0.004159
0.366144
0.979272
0.179906
0.983211
0.770418
0.160585
0.917984
0.483327
0.860268
0.645312
0.653855
0.565425
0.758978
0.605194
0.634710
0.147232
0.577738
0.229640
0.764747
0.972277
0.650401
0.669793
0.514550
0.635979
0.598189
0.589426
0.311642
0.094609
0.457338
0.452246
0.357941
0.871798
0.397257
0.081629
0.122983
0.939925
0.884097
0.002607
0.118363
0.614106
0.513641
0.383292
0.386289
0.511156
0.637881
0.074095
0.681060
0.883740
0.220338
0.309156
0.761642
0.484233
0.585264
0.943043
0.055169
0.725046
0.276186
0.421605
0.860032
0.039272
0.015932
0.257896
0.697626
0.305713
0.872644
0.233887
0.985018
0.612268
0.930963
0.476792
0.193232
0.060403
0.615998
0.778169
0.211350
0.518810
0.720781
0.126400
0.025965
0.494476
0.315139
0.604421
0.530603
0.096326
0.470547
0.926556
0.193159
0.041289
0.252201
0.317638
0.406550
0.161323
0.756004
0.379339
0.889760
0.946604
0.853100
0.905148
0.655248
0.221974
0.314818
0.742653
0.044434
0.735766
0.325434
0.555614
0.632299
0.894716
0.992766
0.401947
0.816153
0.275048
0.482414
0.854381
0.702369
0.296875
0.033893
0.834700
0.851271
0.953285
0.111905
0.448998
0.194542
0.753501
0.456097
0.679565
0.510342
0.728533
0.520141
0.180046
0.760008
0.260880
0.378268
0.069998
0.985956
0.025352
0.165970
0.912973
0.410733
0.771611
0.804778
0.692167
0.943293
0.928492
0.359585
0.965594
0.092671
0.754445
0.405080
0.536929
0.757621
0.161903
0.843315
0.325984
0.894492
0.586026
0.497312
0.558537
0.567412
0.009315
0.516455
0.112185
0.615519
0.844652
0.121835
0.172257
0.197886
0.354509
0.525946
0.859654
0.411945
0.971495
0.885982
0.095459
0.733600
0.502091
0.189431
0.948979
0.505286
0.394861
0.099696
0.856223
0.580190
0.944377
0.703710
0.584662
0.943861
0.961862
0.404597
0.638431
0.311275
0.867590
0.380988
0.688489
0.847707
0.827021
0.591635
0.408185
0.918669
0.594664
0.418368
0.586971
0.530572
0.553116
0.056025
0.602368
0.199022
0.317421
0.879075
0.549600
0.182798
0.843989
0.447327
0.853895
0.332265
0.052605
0.329137
0.736533
0.541454
0.509115
0.170441
0.066112
0.400331
0.605811
0.726319
0.245230
0.308370
0.043885
0.370256
0.819932
0.359130
0.892380
0.302867
0.659926
0.027976
0.679925
0.411638
0.743317
0.179864
0.652666
0.652796
0.742260
0.040220
0.145023
0.015277
0.228846
0.955510
0.226500
0.105322
0.758952
0.933911
0.231112
0.225884
0.200122
0.278466
0.976248
0.747152
0.032025
0.707898
0.508248
0.002415
0.724878
0.452721
0.609721
0.198399
0.207356
0.586602
0.162411
0.988709
0.093954
0.500532
0.912857
0.711451
0.497943
0.144635
0.735500
0.847673
0.779798
0.014621
0.179031
0.666014
0.616142
0.204729
0.813257
0.204709
0.341019
0.204504
0.367507
0.292314
0.416723
0.075869
0.705277
0.450174
0.928291
0.062813
0.238123
0.468171
0.661008
0.321160
0.237587
0.132838
0.113859
0.522477
0.070518
0.023728
0.181016
0.638627
0.416385
0.069459
0.920273
0.668438
0.589047
0.793965
0.195662
0.222839
0.761137
0.695410
0.774234
0.554626
0.281397
0.143204
0.747011
0.843309
0.783049
0.915842
0.176486
0.410141
0.914428
0.380816
0.038365
0.154354
0.337203
0.881881
0.376423
0.793640
0.573657
0.649335
0.523426
0.821224
0.467385
0.786684
0.271439
0.217146
0.199601
0.969527
0.756956
0.252853
0.169490
0.452947
0.197439
0.429251
0.601485
0.656629
0.516880
0.388833
0.674454
0.302589
0.360425
0.002196
0.666367
0.009432
0.692429
0.953575
0.058380
0.924417
0.794390
0.001350
0.931044
0.755941
0.463259
0.783349
0.067093
0.272290
0.277410
0.280061
0.612264
0.411180
0.345116
0.967290
0.563527
0.995522
0.384442
0.969498
0.166349
0.739177
0.720270
0.151391
0.576428
0.238353
0.191946
0.610119
0.541329
0.411956
0.824083
0.031318
0.604929
0.935565
0.706536
0.715904
0.919275
0.291787
0.956873
0.191135
0.497588
0.187075
0.221267
0.597226
0.244185
0.691496
0.818905
0.977388
0.629344
0.899431
0.344664
0.406867
0.144908
0.109555
0.429084
0.100667
0.563721
0.778465
0.176236
0.592903
0.396134
0.957921
0.245600
0.090926
0.533876
0.521609
0.645053
0.809953
0.144467
0.545383
0.730856
0.318096
0.247473
0.107855
0.752403
0.429800
0.140156
0.897457
0.560968
0.066223
0.064518
0.289619
0.556357
0.437731
0.042955
0.203524
0.895869
0.833714
0.855378
0.689516
0.702840
0.336184
0.691711
0.447387
0.313313
0.779537
0.571130
0.162675
0.606922
0.314832
0.788163
0.258872
0.028256
0.063659
0.978832
0.417157
0.945580
0.663108
0.359317
0.499131
0.612546
0.835965
0.698167
0.696082
0.726631
0.122301
0.699734
0.102322
0.773321
0.304550
0.348098
0.622650
0.511139
0.374858
0.016877
0.399935
0.411496
0.079169
0.230792
0.975348
0.126540
0.726782
0.747514
0.587735
0.890825
0.582176
0.357537
0.672410
0.225222
0.079156
0.191450
0.691002
0.579920
0.713895
0.505751
0.695613
0.239560
0.556528
0.388565
0.556008
0.549716
0.261245
0.665978
0.723489
0.381163
0.031993
0.121162
0.816672
0.808716
0.283983
0.259967
0.354917
0.901271
0.183910
0.759709
0.574332
0.511499
0.757887
0.773380
0.633598
0.698301
0.053667
0.096519
0.264743
0.418240
0.934709
0.483673
0.557012
0.018717
0.951420
0.901126
0.894456
0.685466
0.891254
0.326258
0.466599
0.602139
0.554529
0.927330
0.690070
0.640002
0.746008
0.860947
0.221186
0.302698
0.122272
0.492809
0.406262
0.142950
0.599355
0.610949
0.729079
0.875012
0.081963
0.588844
0.045873
0.908745
0.711704
0.295977
0.584746
0.008184
0.614400
0.474490
0.496993
0.866149
0.186072
0.402943
0.040498
0.910878
0.930890
0.340602
0.210352
0.018781
0.752029
0.453452
0.154862
0.110513
0.053623
0.545940
0.217344
0.615669
0.477382
0.675030
0.566541
0.747198
0.264821
0.827112
0.854611
0.346817
0.091166
0.641844
0.948126
0.888223
0.357261
0.371558
0.464340
0.205687
0.774126
0.964245
0.269511
0.126822
0.055211
0.433061
0.685529
0.331858
0.812646
0.680146
0.686447
0.081688
0.969038
0.004910
0.043368
0.351030
0.050346
0.705135
0.361158
0.588343
0.768536
0.329599
0.252981
0.725006
0.715045
0.717312
