0.352617
0.466245
0.624434
0.872681
0.038888
0.415111
0.630849
0.894495
0.112892
0.548206
0.507138
0.816198
0.533313
0.607175
0.700789
0.676699
0.201619
0.132167
0.231432
0.574604
0.457092
0.626021
0.489341
0.941856
0.636523
0.332866
0.237926
0.503930
0.636408
0.606287
0.049054
0.424109
0.907965
0.949122
0.735885
0.935332
0.203411
0.433858
0.832975
0.034217
0.396852
0.526021
0.787811
0.739770
0.427071
0.017004
0.503107
0.886918
0.043795
0.417108
0.458691
0.683722
0.556453
0.400812
0.415483
0.534761
0.461043
0.861500
0.900576
0.003818
0.198834
0.535842
0.498274
0.386019
0.703635
0.043589
0.170992
0.655594
0.439103
0.807977
0.445821
0.271848
0.110189
0.617913
0.618508
0.435379
0.491499
0.384194
0.599230
0.456240
0.472063
0.064883
0.104132
0.507664
0.590166
0.175253
0.759809
0.573834
0.859218
0.628591
0.190364
0.370273
0.188150
0.499872
0.699011
0.657281
0.112760
0.864074
0.922291
0.466302
0.616608
0.808612
0.506700
0.094950
0.628525
0.565177
0.718134
0.696559
0.467891
0.494816
0.227964
0.073719
0.812295
0.508328
0.871737
0.556382
0.471166
0.854818
0.042217
0.389921
0.577316
0.191352
0.691868
0.901801
0.604354
0.615295
0.238328
0.974212
0.943800
0.296151
0.574360
0.519197
0.325480
0.000439
0.575314
0.130388
0.842406
0.499653
0.094152
0.754653
0.555252
0.411059
0.451496
0.627416
0.445087
0.339483
0.579912
0.777634
0.502935
0.859903
0.337335
0.562622
0.020811
0.932867
0.156329
0.145665
0.982274
0.538825
0.698315
0.752237
0.535062
0.372156
0.171974
0.528210
0.483629
0.920772
0.266090
0.676671
0.483176
0.680048
0.898302
0.385781
0.634178
0.423966
0.324555
0.973052
0.979893
0.339442
0.927662
0.313214
0.483981
0.058668
0.147650
0.494924
0.276767
0.198908
0.076287
0.417787
0.928873
0.452055
0.499370
0.080907
0.515899
0.666716
0.769861
0.102794
0.516429
0.388019
0.979527
0.522356
0.632925
0.787954
0.737550
0.751633
0.291734
0.496225
0.951617
0.874308
0.444076
0.052982
0.636381
0.847200
0.742663
0.747133
0.624905
0.139563
0.325283
0.713355
0.459204
0.063936
0.648133
0.240557
0.124080
0.184102
0.734571
0.640031
0.596875
0.556382
0.441291
0.133523
0.524082
0.655004
0.515533
0.634316
0.136771
0.566140
0.843841
0.717388
0.064025
0.331185
0.588878
0.037317
0.208556
0.053722
0.535199
0.666592
0.542730
0.180618
0.549445
0.252329
0.150850
0.424910
0.443535
0.585923
0.587371
0.937446
0.556749
0.125435
0.556002
0.466087
0.621401
0.440866
0.787814
0.039790
0.407120
0.196746
0.339748
0.829302
0.332788
0.480490
0.917999
0.821294
0.809824
0.421799
0.920307
0.430292
0.033230
0.605601
0.440926
0.501174
0.792536
0.300902
0.616400
0.396231
0.531498
0.378700
0.931531
0.967803
0.452582
0.548299
0.331322
0.503551
0.875166
0.459303
0.892614
0.850842
0.591267
0.243901
0.513145
0.389379
0.974991
0.337769
0.535927
0.133192
0.686514
0.034787
0.928350
0.673427
0.968101
0.385056
0.006061
0.494266
0.741123
0.719773
0.442919
0.684367
0.297594
0.238292
0.865516
0.780148
0.287741
0.363848
0.539749
0.579223
0.309551
0.601767
0.442960
0.471247
0.587875
0.253393
0.612188
0.875722
0.578909
0.727036
0.557112
0.592750
0.607009
0.963345
0.354575
0.489596
0.464190
0.975107
0.656046
0.428551
0.962369
0.981578
0.946326
0.538072
0.602519
0.580121
0.623155
0.849606
0.980138
0.649197
0.740986
0.981660
0.282765
0.047365
0.269697
0.515431
0.812367
0.327212
0.353294
0.584352
0.365936
0.695556
0.031306
0.588028
0.740462
0.931355
0.922864
0.401186
0.501595
0.870778
0.069984
0.438356
0.175182
0.332585
0.288315
0.017050
0.729855
0.690257
0.490520
0.549311
0.472558
0.364545
0.994734
0.588971
0.608242
0.497587
0.039493
0.684887
0.227430
0.798691
0.435468
0.443131
0.520149
0.101537
0.570448
0.805594
0.569461
0.369164
0.740180
0.569890
0.276835
0.124309
0.633448
0.752537
0.702943
0.576276
0.794754
0.899907
0.343782
0.606014
0.004922
0.657871
0.620723
0.940239
0.594525
0.217076
0.559612
0.253430
0.317023
0.464690
0.930078
0.272307
0.490551
0.653549
0.203242
0.303189
0.602399
0.616093
0.250722
0.152395
0.164734
0.535506
0.439162
0.307838
0.565343
0.719354
0.923762
0.436534
0.463157
0.199081
0.994051
0.817440
0.815617
0.702647
0.623638
0.617573
0.373693
0.060006
0.176678
0.036287
0.689353
0.367277
0.256133
0.262987
0.481229
0.140981
0.427652
0.449763
0.221688
0.559326
0.562852
0.987514
0.599511
0.432366
0.732359
0.423853
0.878107
0.622389
0.718236
0.647188
0.430340
0.285218
0.601059
0.543442
0.134046
0.521950
0.804685
0.408985
0.543680
0.901342
0.775359
0.527749
0.808223
0.365286
0.775246
0.643864
0.213473
0.942739
0.573975
0.648227
0.619855
0.500966
0.647643
0.026264
0.099235
0.556487
0.380305
0.449965
0.541890
0.272586
0.419699
0.603761
0.435108
0.984190
0.547892
0.594965
0.395533
0.598365
0.656402
0.242336
0.962695
0.544567
0.741227
0.476572
0.472142
0.682597
0.945128
0.927376
0.274348
0.414546
0.040223
0.234401
0.426255
0.714645
0.813551
0.134316
0.482317
0.758617
0.659120
0.485679
0.611417
0.878901
0.361484
0.462969
0.542138
0.547240
0.548479
0.006835
0.510527
0.449307
0.554412
0.943497
0.675515
0.765800
0.959855
0.514598
0.031855
0.590353
0.907572
0.591136
0.221066
0.446948
0.781618
0.952066
0.548847
0.635685
0.587940
0.082814
0.855721
0.434277
0.583730
0.610594
0.071764
0.543323
0.274934
0.217349
0.171828
0.887303
0.155060
0.522832
0.964101
0.084724
0.434037
0.527392
0.331392
0.206833
0.617810
0.057249
0.611741
0.489054
0.777003
0.488376
0.757609
0.447906
0.124031
0.878336
0.218975
0.239211
0.224542
0.568275
0.761734
0.354613
0.044682
0.262523
0.266213
0.524560
0.311790
0.409191
0.299303
0.539205
0.477087
0.118081
0.403021
0.377752
0.474381
0.625862
0.689035
0.830352
0.113101
0.149302
0.776475
0.503076
0.389244
0.984769
0.495916
0.225877
0.418209
0.965948
0.158031
0.577462
0.890023
0.963835
0.585931
0.181315
0.857895
0.252411
0.478348
0.869876
0.153644
0.493718
0.810135
0.582548
0.857844
0.561240
0.334751
0.922917
0.643107
0.686670
0.293218
0.748297
0.639760
0.295731
0.493721
0.535406
0.254245
0.204693
0.338974
0.188822
0.485047
0.244753
0.129698
0.919094
0.616721
0.478448
0.743732
0.864632
0.292028
0.000655
0.698217
0.954891
0.569154
0.674910
0.694373
0.594448
0.862007
0.698078
0.570236
0.623206
0.584494
0.097874
0.320559
0.224350
0.941565
0.101014
0.964970
0.302460
0.630711
0.777501
0.353945
0.048183
0.503650
0.038133
0.586712
0.112367
0.626029
0.704153
0.337130
0.501580
0.580910
0.223674
0.478060
0.627864
0.259812
0.320926
0.874903
0.888335
0.494552
0.374368
0.751266
0.821900
0.534859
0.690320
0.467575
0.626670
0.889166
0.993013
0.421566
0.545532
0.016157
0.899711
0.481128
0.791522
0.844664
0.246586
0.576336
0.353797
0.500037
0.414584
0.065127
0.375740
0.067825
0.319478
0.623847
0.761931
0.529100
0.324801
0.650232
0.406998
0.509210
0.975681
0.750976
0.907061
0.524053
0.386894
0.580037
0.584611
0.611914
0.742870
0.495350
0.209897
0.838441
0.543959
0.422016
0.625308
0.523015
0.616380
0.061257
0.782688
0.450188
0.681878
0.273497
0.651292
0.571182
0.004483
0.245030
0.078484
0.531247
0.258675
0.478072
0.247449
0.624886
0.258236
0.566879
0.455803
0.412773
0.060730
0.553467
0.481256
0.540158
0.054567
0.601743
0.648787
0.669704
0.921687
0.970142
0.955013
0.533727
0.978363
0.504162
0.212474
0.936681
0.423947
0.671193
0.034703
0.921826
0.619488
0.386386
0.527771
0.400581
0.677274
0.691757
0.287800
0.182376
0.567805
0.308427
0.893498
0.225894
0.470535
0.581896
0.137502
0.529619
0.691784
0.444728
0.802501
0.482583
0.774191
0.433962
0.526905
0.003667
0.464373
0.616493
0.635690
0.524192
0.247756
0.618912
0.503584
0.301349
0.597326
0.445924
0.485415
0.930635
0.399005
0.739047
0.861383
0.582178
0.750158
0.920894
0.541042
0.769387
0.121283
0.443931
0.734940
0.518109
0.674423
0.464601
0.705866
0.483544
0.504454
0.104523
0.400686
0.619401
0.382870
0.614668
0.940398
0.814712
0.504051
0.420137
0.520624
0.433631
0.333521
0.540560
0.528530
0.723399
0.369143
0.445813
0.836357
0.224790
0.623703
0.705275
0.550176
0.694993
0.659742
0.453004
0.445213
0.878761
0.278602
0.554398
0.508135
0.625325
0.498048
0.767892
0.429590
0.380930
0.616937
0.247443
0.989781
0.611722
0.625668
0.358451
0.630597
0.756484
0.701208
0.710095
0.995425
0.134595
0.027986
0.876731
0.560982
0.356479
0.133715
0.271023
0.371150
0.286293
0.804815
0.832995
0.036976
0.539437
0.479447
0.485263
0.047616
0.261159
0.456467
0.244967
0.688244
0.469845
0.276028
0.549645
0.221649
0.452537
0.597681
0.598031
0.798678
0.257470
0.439191
0.156022
0.480627
0.378152
0.271056
0.897474
0.863615
0.268292
0.730442
0.799729
0.377098
0.719906
0.347549
0.235647
0.443067
0.848394
0.702330
0.269634
0.267095
0.328857
0.593641
0.498433
0.450279
0.112515
0.830291
0.936696
0.310133
0.526211
0.611633
0.303058
0.062181
0.075892
0.388267
0.022618
0.974185
0.670489
0.481438
0.555305
0.067640
0.490078
0.194977
0.152090
0.572994
0.548069
0.554112
0.601257
0.596320
0.041952
0.847748
0.865223
0.382991
0.796081
0.528972
0.548191
0.825149
0.502970
0.946393
0.851382
0.747770
0.481998
0.580459
0.597908
0.567871
0.545083
0.553411
0.021328
0.386548
0.740460
0.681519
0.372612
0.822309
0.591489
0.706427
0.564425
0.453864
0.462326
0.446893
0.899976
0.434546
0.135036
0.428141
0.406357
0.559482
0.926512
0.618183
0.401703
0.591460
0.270562
0.467618
0.821067
0.532072
0.760197
0.048935
0.440295
0.751072
0.418776
0.705768
0.895931
0.936620
0.418913
0.294187
0.590689
0.607724
0.378496
0.851856
0.156136
0.310752
0.208944
0.369174
0.716379
0.435358
0.406253
0.761914
0.039803
0.162241
0.088310
0.560277
0.546533
0.318863
0.601859
0.518344
0.584556
0.135676
0.350856
0.566813
0.011810
0.726211
0.465626
0.228421
0.484737
0.067189
0.902365
0.274663
0.159784
0.700002
0.684432
0.927282
0.481950
0.479479
0.489416
0.942847
0.234547
0.039054
0.611821
0.182403
0.730735
0.452460
0.475505
0.696052
0.661784
0.472534
0.887408
0.523944
0.116974
0.814800
0.448006
0.186331
0.043795
0.650006
0.546330
0.531819
0.237994
0.444920
0.626138
0.336880
0.736613
0.999643
0.044122
0.407832
0.094106
0.096862
0.059961
0.759951
0.215673
0.161057
0.209452
0.843835
0.332387
0.061982
0.501031
0.853864
0.399197
0.465407
0.791389
0.636160
0.102400
0.932630
0.258115
0.763210
0.245207
0.614496
0.494222
0.708002
0.503961
0.557376
0.125059
0.433572
0.435605
0.076296
0.400353
0.758679
0.400564
0.807178
0.283763
0.355312
0.577669
0.958084
0.634470
0.674072
0.615903
0.771899
0.739515
0.429238
0.360763
0.817383
0.975492
0.474394
0.645313
0.412050
0.445362
0.339740
0.439428
0.092318
0.719749
0.552989
0.578658
0.790129
0.938928
0.129418
0.547805
0.606580
0.039194
0.994747
0.194856
0.595503
0.698136
0.044851
0.434962
0.591825
0.648069
0.431819
0.397203
0.253856
0.501904
0.611226
0.414641
0.511050
0.817828
0.359541
0.230786
0.636145
0.989846
0.117412
0.211036
0.120784
0.625897
0.656333
0.069050
0.959099
0.097597
0.033868
0.734904
0.351688
0.709402
0.523999
0.576485
0.342433
0.808055
0.915632
0.138297
0.383176
0.829850
0.010113
0.372805
0.415810
0.870286
0.452069
0.374264
0.683222
0.985062
0.117473
0.401108
0.557651
0.819428
0.173342
0.679433
0.436215
0.212664
0.515546
0.631853
0.133939
0.730419
0.067322
0.484464
0.938486
0.953266
0.814094
0.157391
0.542993
0.842375
0.296014
0.336930
0.167959
0.587774
0.538305
0.560123
0.954281
0.439189
0.598532
0.160030
0.595094
0.171226
0.412369
0.972200
0.318360
0.814705
0.624444
0.546112
0.513733
0.708908
0.710230
0.393933
0.667881
0.300080
0.789481
0.413400
0.498815
0.574266
0.561552
0.149017
0.622557
0.161793
0.588981
0.620412
0.620303
0.546218
0.120874
0.123334
0.409068
0.278265
0.503352
0.525669
0.274029
0.540497
0.261642
0.379384
0.371008
0.595080
0.493106
0.373263
0.515031
0.875822
0.222972
0.203549
0.391772
0.018023
0.620743
0.611265
0.388396
0.828624
0.460400
0.419522
0.513960
0.328498
0.515926
0.078296
0.802396
0.528567
0.133441
0.425623
0.514003
0.263135
0.044638
0.205014
0.279729
0.453573
0.234942
0.970921
0.456888
0.588414
0.465897
0.598695
0.256029
0.467138
0.377156
0.538313
0.726010
0.486238
0.449168
0.314377
0.502752
0.149174
0.232034
0.453980
0.617700
0.464380
0.964910
0.163317
0.574935
0.184073
0.924265
0.185896
0.465603
0.572904
0.913933
0.847317
0.271397
0.233836
0.081028
0.149794
0.292418
0.598189
0.326397
0.182608
0.366080
0.465441
0.172780
0.475338
0.031291
0.406218
0.916546
0.756568
0.976211
0.170245
0.339138
0.941447
0.331787
0.897799
0.294141
0.450102
0.452846
0.689353
0.446083
0.573307
0.873321
0.386676
0.457007
0.462529
0.714208
0.204670
0.538703
0.804064
0.546752
0.606992
0.315901
0.080227
0.417323
0.243868
0.189448
0.932537
0.611097
0.564031
0.970639
0.029876
0.662006
0.376911
0.358828
0.503813
0.907464
0.559101
0.742425
0.866514
0.607770
0.221026
0.258596
0.468452
0.466013
0.582562
0.519631
0.473535
0.406669
0.520303
0.478616
0.085471
0.010936
0.632236
0.392120
0.303988
0.387371
0.929283
0.267955
0.136276
0.383340
0.626346
0.108959
0.174103
0.594964
0.898526
0.626924
0.444560
0.936771
0.545302
0.662996
0.623993
0.492444
0.002970
0.608073
0.908645
0.937707
0.946629
0.116732
0.288296
0.891069
0.872278
0.572408
0.426852
0.612829
0.858001
0.977939
0.545434
0.957816
0.248055
0.604819
0.427352
0.178865
0.682714
0.532999
0.447955
0.484040
0.884344
0.854869
0.699013
0.529161
0.107646
0.401626
0.456371
0.385475
0.005335
0.987050
0.866524
0.375471
0.570920
0.549303
0.536165
0.269398
0.096415
0.165850
0.310794
0.628552
0.533044
0.421617
0.946356
0.611243
0.550930
0.841830
0.718700
0.032498
0.479404
0.598481
0.018100
0.326746
0.408990
0.050127
0.719906
0.532893
0.193894
0.488164
0.594991
0.274425
0.593794
0.184085
0.585869
0.637511
0.301203
0.996451
0.570376
0.454591
0.386745
0.584813
0.431326
0.170045
0.296666
0.877384
0.407252
0.081486
0.805569
0.561079
0.674499
0.974090
0.829849
0.584010
0.382048
0.033530
0.589382
0.533592
0.982365
0.017619
0.913499
0.231069
0.788610
0.089641
0.768345
0.838483
0.788072
0.370594
0.908624
0.490512
0.527744
0.919285
0.561676
0.466113
0.880488
0.772133
0.143894
0.499467
0.960459
0.903368
0.800530
0.767540
0.615644
0.608118
0.614645
0.576653
0.186568
0.062104
0.117060
0.160985
0.625694
0.202243
0.848550
0.610439
0.636730
0.007742
0.563816
0.629346
0.388558
0.024969
0.437960
0.208104
0.958022
0.143579
0.762998
0.558506
0.083654
0.422378
0.375723
0.469459
0.389561
0.736095
0.364172
0.182607
0.870495
0.178363
0.017872
0.994318
0.033648
0.464705
0.101479
0.193501
0.876259
0.367861
0.459246
0.780505
0.062236
0.237682
0.308563
0.243242
0.464440
0.545910
0.986224
0.395495
0.803994
0.654837
0.428522
0.468957
0.593062
0.113319
0.934938
0.441589
0.294059
0.089616
0.185548
0.440607
0.177857
0.485820
0.489780
0.128052
0.992940
0.408002
0.343632
0.740593
0.149485
0.002035
0.382403
0.497485
0.062641
0.757073
0.452836
0.605545
0.005769
0.662272
0.190232
0.425820
0.789542
0.617237
0.617951
0.769605
0.401249
0.170825
0.386216
0.221826
0.159028
0.473882
0.172619
0.529103
0.808873
0.264321
0.050268
0.119645
0.825639
0.501447
0.032574
0.585843
0.363281
0.557500
0.428966
0.124563
0.590681
0.630591
0.414546
0.691379
0.104583
0.232265
0.990284
0.276691
0.459441
0.990980
0.895959
0.893287
0.003241
0.229225
0.488264
0.626092
0.782975
0.381430
0.240807
0.791379
0.193894
0.757646
0.788889
0.285018
0.919804
0.986333
0.170793
0.279001
0.569886
0.586496
0.484508
0.032385
0.929939
0.689084
0.611602
0.617659
0.601680
0.133997
0.508270
0.358555
0.343543
0.380541
0.585932
0.063882
0.528391
0.606927
0.241082
0.517571
0.359931
0.434150
0.661258
0.787135
0.489634
0.363805
0.802657
0.830638
0.499315
0.768132
0.658788
0.648427
0.570296
0.024347
0.608730
0.927420
0.555539
0.390261
0.835050
0.538614
0.987108
0.765479
0.122299
0.619174
0.106026
0.882937
0.672943
0.771441
0.514011
0.517861
0.604868
0.759446
0.369995
0.027566
0.725016
0.643239
0.382661
0.774341
0.788091
0.224166
0.897507
0.132916
0.237850
0.549841
0.344610
0.562594
0.445911
0.545986
0.539619
0.532631
0.425685
0.031359
0.089226
0.469994
0.566202
0.396857
0.120026
0.796675
0.649529
0.374173
0.442690
0.200834
0.912956
0.670125
0.484809
0.397995
0.743026
0.110933
0.462527
0.106169
0.058622
0.886002
0.186518
0.573220
0.549771
0.169810
0.803276
0.880342
0.528389
0.731366
0.638400
0.489328
0.144702
0.496390
0.437885
0.829632
0.444457
0.022448
0.126834
0.315784
0.610218
0.262624
0.319402
0.509078
0.511117
0.416275
0.433228
0.595188
0.936681
0.553401
0.027740
0.951329
0.355545
0.239030
0.980776
0.487055
0.537338
0.943659
0.615448
0.644257
0.433278
0.729828
0.899144
0.384729
0.263244
0.388932
0.396269
0.180214
0.110297
0.951171
0.977199
0.907927
0.025159
0.533811
0.173999
0.733640
0.026216
0.833717
0.185401
0.440042
0.124390
0.537809
0.466359
0.466537
0.522144
0.872802
0.573814
0.580888
0.312490
0.095268
0.365702
0.391654
0.287444
0.775205
0.592996
0.069582
0.472855
0.475155
0.693234
0.636167
0.324917
0.610889
0.989527
0.463650
0.541119
0.533503
0.118419
0.695414
0.963230
0.462253
0.713967
0.405192
0.721574
0.825349
0.450027
0.403037
0.618118
0.623141
0.226825
0.620889
0.424978
0.433093
0.665980
0.607606
0.396857
0.009287
0.406523
0.509060
0.079503
0.431674
0.256639
0.411423
0.404236
0.424485
0.104117
0.736685
0.605858
0.057721
0.212365
0.951614
0.110715
0.635214
0.693053
0.525465
0.549130
0.560300
0.175260
0.925007
0.471828
0.522383
0.835332
0.577206
0.499182
0.041713
0.536182
0.441368
0.828682
0.792770
0.409377
0.372318
0.341897
0.340580
0.352655
0.371652
0.611937
0.001413
0.544850
0.490713
0.557686
0.288057
0.577728
0.313186
0.986083
0.626234
0.565445
0.455091
0.905565
0.265051
0.313700
0.878221
0.115610
0.309335
0.038639
0.944866
0.467936
0.473367
0.257402
0.863088
0.478441
0.538590
0.559269
0.117067
0.695359
0.405852
0.384267
0.506904
0.112199
0.468538
0.784362
0.981954
0.045855
0.694659
0.963263
0.586099
0.154013
0.305959
0.537613
0.609490
0.465009
0.613731
0.347936
0.934318
0.459914
0.382007
0.782019
0.992524
0.997908
0.235516
0.232625
0.880229
0.995387
0.794011
0.577592
0.233356
0.090137
0.037939
0.866399
0.896781
0.559251
0.440289
0.859967
0.103442
0.493251
0.521311
0.871458
0.976822
0.684154
0.619662
0.910550
0.603092
0.232436
0.295394
0.382443
0.386831
0.517176
0.536419
0.393830
0.491324
0.561734
0.410251
0.093693
0.609708
0.715341
0.024205
0.907133
0.086858
0.720262
0.443308
0.669699
0.541284
0.522743
0.222635
0.505496
0.342739
0.210820
0.618756
0.449080
0.587344
0.969543
0.761373
0.179281
0.475698
0.021279
0.362279
0.922197
0.621333
0.329685
0.347197
0.478550
0.167636
0.027573
0.370706
0.659013
0.255503
0.165667
0.440618
0.018040
0.426328
0.869316
0.982656
0.149888
0.559815
0.405662
0.499657
0.594084
0.388901
0.397566
0.387494
0.504585
0.636571
0.196747
0.099252
0.184603
0.973575
0.159897
0.473591
0.579139
0.851754
0.598934
0.090462
0.488915
0.496583
0.554630
0.766134
0.662415
0.145973
0.930942
0.207426
0.970016
0.343807
0.544762
0.178370
0.595523
0.469787
0.618455
0.572348
0.357072
0.990682
0.006226
0.011603
0.321557
0.552364
0.370739
0.073598
0.608108
0.967371
0.028886
0.412911
0.527397
0.620382
0.593579
0.146809
0.534378
0.562742
0.958824
0.599024
0.603901
0.492561
0.386787
0.526124
0.004353
0.488548
0.435654
0.391147
0.621032
0.027420
0.914853
0.774043
0.182522
0.374453
0.084064
0.881631
0.412433
0.347160
0.207940
0.617245
0.320442
0.976987
0.444168
0.545912
0.766973
0.285427
0.385760
0.526190
0.604989
0.883526
0.752594
0.207683
0.453620
0.496759
0.463551
0.376810
0.832494
0.261048
0.977315
0.999096
0.619450
0.531220
0.750081
0.490314
0.560483
0.423296
0.673368
0.699070
0.483680
0.426433
0.618795
0.210293
0.510659
0.452671
0.607234
0.745726
0.735676
0.095644
0.303835
0.350494
0.867414
0.819633
0.838924
0.114500
0.418038
0.902349
0.305513
0.339087
0.081306
0.860313
0.289149
0.728587
0.162916
0.662780
0.678864
0.186334
0.697422
0.395919
0.565183
0.167901
0.866145
0.242917
0.456539
0.273142
0.208612
0.389448
0.612612
0.549669
0.040473
0.357004
0.790590
0.084897
0.530608
0.684494
0.881995
0.008529
0.599146
0.724256
0.432572
0.604497
0.198549
0.485348
0.821404
0.788573
0.903172
0.486775
0.417621
0.882004
0.894335
0.143068
0.500802
0.220959
0.860822
0.503082
0.609232
0.803302
0.454100
0.563437
0.860799
0.649281
0.119173
0.581945
0.634583
0.537855
0.594573
0.388557
0.453944
0.703203
0.362615
0.589345
0.618361
0.168064
0.477755
0.812769
0.942240
0.701444
0.830267
0.774352
0.162869
0.355931
0.832814
0.119966
0.427987
0.191578
0.492587
0.453195
0.579362
0.556992
0.381453
0.594041
0.147815
0.104265
0.481727
0.417232
0.208947
0.925786
0.870252
0.939285
0.815966
0.616433
0.561681
0.768762
0.437507
0.069590
0.595542
0.685860
0.626780
0.865208
0.419325
0.107599
0.693215
0.259857
0.500420
0.102734
0.829324
0.569807
0.900743
0.635546
0.506231
0.690930
0.433455
0.108127
0.423910
0.305168
0.185350
0.994706
0.364429
0.795955
0.365109
0.975983
0.089952
0.352696
0.161515
0.655539
0.534288
0.279223
0.432507
0.898154
0.616319
0.493797
0.762387
0.533779
0.130549
0.688309
0.504119
0.442117
0.520735
0.057139
0.065390
0.002870
0.947053
0.822031
0.259362
0.550967
0.009978
0.500746
0.461383
0.376557
0.469187
0.989157
0.887601
0.521036
0.305753
0.986619
0.072567
0.048186
0.008207
0.931293
0.359295
0.029252
0.657125
0.736464
0.722637
0.391201
0.474872
0.275615
0.460827
0.177916
0.731074
0.417256
0.879564
0.808899
0.802327
0.567209
0.147730
0.275796
0.269204
0.800452
0.190426
0.403581
0.839144
0.492955
0.062106
0.718725
0.856402
0.936113
0.339613
0.041229
0.254786
0.515849
0.520187
0.096568
0.597457
0.105646
0.459278
0.025637
0.514740
0.668541
0.950145
0.504161
0.117059
0.376525
0.795999
0.829753
0.547177
0.921491
0.996568
0.242812
0.569747
0.953042
0.927203
0.381748
0.277780
0.245159
0.565242
0.481985
0.935931
0.459884
0.674095
0.627206
0.269050
0.097568
0.497271
0.003086
0.424877
0.083932
0.390221
0.387335
0.643189
0.625794
0.880033
0.604932
0.454808
0.855345
0.419174
0.070406
0.000010
0.402288
0.397918
0.377389
0.212601
0.296824
0.801068
0.358321
0.372161
0.320396
0.600988
0.353104
0.123940
0.819126
0.658103
0.631988
0.426621
0.452568
0.116419
0.358259
0.296102
0.693708
0.445814
0.963858
0.613950
0.848866
0.053975
0.413065
0.296561
0.876104
0.530184
0.894042
0.954358
0.395174
0.583122
0.731765
0.058464
0.339261
0.289633
0.656683
0.162088
0.972398
0.156906
0.436559
0.602023
0.399412
0.749347
0.383932
0.812076
0.366920
0.477132
0.589948
0.444961
0.101642
0.979291
0.633314
0.608615
0.509400
0.815254
0.958411
0.341322
0.413926
0.947435
0.656384
0.696293
0.126515
0.738747
0.410418
0.450619
0.197269
0.835684
0.560417
0.301789
0.487234
0.237973
0.565685
0.094059
0.320143
0.634397
0.999954
0.689097
0.370475
0.872943
0.606113
0.896332
0.601266
0.378712
0.311127
0.239124
0.142220
0.337998
0.566839
0.683619
0.416572
0.046551
0.912156
0.661136
0.424671
0.944396
0.607379
0.282101
0.450450
0.715340
0.435194
0.266390
0.369880
0.426276
0.073814
0.393582
0.917142
0.721211
0.522343
0.420867
0.428406
0.045145
0.546057
0.834293
0.844322
0.315718
0.360480
0.910950
0.543348
0.398328
0.546808
0.400566
0.943744
0.648426
0.308126
0.580231
0.386656
0.011013
0.061452
0.712113
0.054027
0.264423
0.577035
0.299670
0.282026
0.231767
0.993284
0.600093
0.486427
0.161531
0.369009
0.738731
0.132754
0.431550
0.730677
0.622029
0.218868
0.076379
0.196797
0.589267
0.307309
0.016145
0.069959
0.561814
0.781511
0.636146
0.257229
0.157559
0.761227
0.943573
0.984080
0.984437
0.445811
0.492882
0.426236
0.928994
0.723674
0.602207
0.398724
0.755880
0.000637
0.604610
0.726519
0.607861
0.471080
0.007282
0.980867
0.515758
0.836846
0.394527
0.524058
0.428303
0.404254
0.646671
0.723358
0.776818
0.917436
0.656476
0.635087
0.052323
0.752363
0.446058
0.128996
0.934895
0.904410
0.450469
0.527576
0.622022
0.548056
0.589834
0.563763
0.457960
0.793103
0.826569
0.751589
0.209851
0.928459
0.240002
0.627473
0.386127
0.959449
0.319912
0.053706
0.893234
0.953586
0.498862
0.447303
0.719706
0.465947
0.622351
0.451649
0.003329
0.280463
0.608019
0.812119
0.247564
0.355196
0.880965
0.480556
0.199651
0.382039
0.485694
0.423727
0.524740
0.035469
0.760242
0.272579
0.621814
0.621807
0.801352
0.760048
0.260500
0.753344
0.133628
0.564346
0.663163
0.661772
0.510529
0.460698
0.713860
0.123560
0.593474
0.092488
0.460826
0.833089
0.981694
0.229967
0.424934
0.524538
0.908748
0.914529
0.870835
0.337562
0.108193
0.553241
0.871643
0.367037
0.288715
0.495955
0.953203
0.633213
0.188845
0.107448
0.626438
0.357834
0.472492
0.284836
0.541573
0.715379
0.435404
0.850610
0.316496
0.576844
0.137008
0.127257
0.748197
0.064469
0.654149
0.740749
0.019242
0.265670
0.859688
0.991188
0.829606
0.897213
0.907582
0.589122
0.817076
0.469399
0.439350
0.205299
0.450287
0.932827
0.123874
0.527881
0.247624
0.568940
0.819091
0.610698
0.187668
0.671621
0.507316
0.020022
0.149503
0.726295
0.516636
0.812173
0.236090
0.345251
0.093045
0.329539
0.916061
0.197994
0.728811
0.971725
0.665513
0.585868
0.754507
0.421917
0.199349
0.466934
0.117621
0.721508
0.115554
0.274379
0.377583
0.294978
0.507141
0.595617
0.835117
0.701135
0.387518
0.488211
0.494924
0.043562
0.115867
0.845546
0.578127
0.970619
0.695647
0.911753
0.621766
0.327183
0.389023
0.251858
0.851938
0.453157
0.599952
0.448302
0.293246
0.429735
0.483635
0.976557
0.124522
0.422690
0.615670
0.389213
0.226092
0.488343
0.902502
0.604530
0.975792
0.556148
0.046595
0.911415
0.390764
0.025708
0.014095
0.593800
0.294119
0.955831
0.997516
0.572432
0.698022
0.581941
0.445590
0.892438
0.012650
0.853393
0.379190
0.880038
0.471560
0.816556
0.839089
0.774388
0.494879
0.542677
0.226755
0.608175
0.982832
0.652751
0.983459
0.384238
0.746093
0.220512
0.423606
0.411384
0.729663
0.725165
0.573043
0.826779
0.704413
0.427011
0.708861
0.600921
0.481019
0.442069
0.170340
0.055056
0.011942
0.722184
0.423625
0.214409
0.331739
0.398302
0.608993
0.750973
0.544613
0.641170
0.242341
0.478529
0.583129
0.688700
0.610708
0.845189
0.636069
0.450447
0.341934
0.393591
0.827539
0.937955
0.372313
0.758413
0.587616
0.152816
0.633165
0.942492
0.485680
0.526973
0.516008
0.672548
0.434393
0.465004
0.700920
0.929028
0.597662
0.065518
0.835638
0.376462
0.723972
0.524138
0.403721
0.306244
0.290662
0.245444
0.662359
0.867978
0.581043
0.713615
0.968245
0.415248
0.254046
0.659101
0.613397
0.637458
0.443728
0.869565
0.820178
0.798640
0.406036
0.366501
0.101999
0.045909
0.700398
0.865434
0.837940
0.013943
0.931021
0.984872
0.618525
0.541402
0.311563
0.621931
0.663632
0.581371
0.468617
0.880195
0.874729
0.631712
0.508877
0.311009
0.735376
0.282327
0.949482
0.443330
0.525151
0.376850
0.344889
0.447904
0.095772
0.540009
0.321689
0.769113
0.231793
0.510959
0.680607
0.622480
0.854584
0.847265
0.650225
0.332981
0.373077
0.735843
0.697934
0.235544
0.425058
0.607391
0.403063
0.884000
0.469212
0.310518
0.123549
0.464024
0.205515
0.221195
0.540713
0.681189
0.617526
0.426838
0.383137
0.372909
0.693778
0.427795
0.466470
0.856698
0.368079
0.266705
0.382480
0.017235
0.109063
0.720038
0.466716
0.485466
0.283373
0.337894
0.283582
0.031642
0.603424
0.277340
0.494497
0.935963
0.906007
0.379522
0.621579
0.003505
0.711996
0.256729
0.271518
0.820440
0.397983
0.620754
0.486334
0.134628
0.566931
0.233141
0.365254
0.507366
0.364090
0.847972
0.965223
0.144228
0.504362
0.279029
0.646663
0.546806
0.712599
0.770442
0.516268
0.768933
0.940021
0.131019
0.145905
0.623148
0.799542
0.876036
0.577591
0.658308
0.391634
0.846639
0.691651
0.385957
0.431200
0.585465
0.756469
0.568883
0.946575
0.150078
0.945903
0.693755
0.408880
0.404013
0.543262
0.326841
