0.667960
0.145825
0.177962
0.697063
0.133069
0.926077
0.526804
0.618446
0.069885
0.617741
0.332019
0.472290
0.231945
0.081943
0.368288
0.760264
0.584229
0.839009
0.576961
0.598469
0.604155
0.041109
0.779981
0.709969
0.169636
0.586680
0.669941
0.285490
0.984461
0.931374
0.941919
0.466006
0.456393
0.665170
0.059652
0.186025
0.572801
0.992477
0.608766
0.865129
0.039959
0.346557
0.207227
0.880610
0.089014
0.242763
0.557576
0.410758
0.005844
0.124309
0.180763
0.942317
0.292740
0.611026
0.052961
0.001836
0.586325
0.969510
0.468754
0.523820
0.498343
0.478796
0.847100
0.266161
0.396761
0.952744
0.231337
0.252918
0.234121
0.578349
0.299133
0.637503
0.888336
0.052556
0.427157
0.060891
0.421402
0.721564
0.788102
0.034704
0.074419
0.555948
0.465107
0.379021
0.503908
0.471561
0.615937
0.578101
0.433555
0.640470
0.032687
0.588838
0.845754
0.374050
0.547251
0.823352
0.414439
0.640389
0.394510
0.046995
0.825983
0.748372
0.918798
0.492783
0.202082
0.551661
0.083849
0.911143
0.107219
0.742225
0.447928
0.467925
0.160602
0.728453
0.370293
0.634950
0.590892
0.505797
0.881844
0.125331
0.671528
0.552296
0.627908
0.366115
0.088881
0.957931
0.634412
0.707229
0.402460
0.096262
0.932256
0.966267
0.437940
0.315976
0.418010
0.560322
0.540898
0.898596
0.139989
0.528380
0.489746
0.901763
0.243520
0.459175
0.488272
0.713964
0.742091
0.956371
0.857175
0.420203
0.945208
0.984323
0.909694
0.637824
0.921086
0.910376
0.613297
0.506558
0.282713
0.698888
0.893163
0.442255
0.916713
0.465957
0.724220
0.047333
0.702243
0.780419
0.384883
0.996348
0.165229
0.231010
0.409782
0.841968
0.418659
0.182586
0.435540
0.310987
0.985973
0.296021
0.414697
0.495873
0.850807
0.508311
0.630642
0.508994
0.613711
0.584808
0.205072
0.666698
0.417527
0.270965
0.287045
0.999263
0.091663
0.916712
0.480844
0.069306
0.681944
0.531183
0.791252
0.444419
0.383449
0.041422
0.568818
0.460849
0.542998
0.404324
0.542206
0.474746
0.238757
0.454895
0.835598
0.018876
0.777744
0.299283
0.647805
0.894662
0.723197
0.439160
0.351767
0.751784
0.897063
0.707042
0.397539
0.346889
0.439693
0.582213
0.404330
0.799807
0.031242
0.424554
0.941596
0.454251
0.180221
0.626281
0.548944
0.614129
0.206089
0.460213
0.467474
0.329621
0.483028
0.624536
0.485548
0.969313
0.507114
0.110973
0.784564
0.456519
0.970938
0.605274
0.583234
0.470770
0.544703
0.758364
0.742059
0.811002
0.916027
0.101765
0.131492
0.144309
0.710336
0.622223
0.325965
0.520869
0.580422
0.047778
0.486976
0.194842
0.539772
0.564181
0.422787
0.713918
0.654111
0.814894
0.394399
0.287481
0.904589
0.376215
0.608086
0.425909
0.963897
0.904044
0.556189
0.555001
0.216170
0.444830
0.352942
0.578171
0.610217
0.614670
0.398649
0.565497
0.047585
0.534640
0.725454
0.999995
0.477086
0.119345
0.703809
0.011446
0.611211
0.649065
0.092225
0.543062
0.965935
0.777212
0.425336
0.856466
0.604497
0.706950
0.135781
0.066513
0.520484
0.984726
0.693517
0.116416
0.988577
0.684351
0.185413
0.466802
0.527237
0.765207
0.984409
0.197701
0.769357
0.430459
0.498272
0.722475
0.798073
0.569838
0.264119
0.740557
0.601999
0.913870
0.771808
0.463818
0.629944
0.160744
0.334576
0.653879
0.596889
0.794720
0.882577
0.502709
0.605872
0.797567
0.368353
0.600289
0.777347
0.872449
0.455889
0.006747
0.390970
0.540939
0.443498
0.478731
0.671671
0.496249
0.480239
0.432090
0.371742
0.411694
0.242535
0.280187
0.447459
0.607352
0.899346
0.321957
0.320266
0.189372
0.599732
0.590167
0.327036
0.457933
0.557427
0.866338
0.414092
0.121174
0.533433
0.621048
0.798899
0.270319
0.047454
0.934324
0.144201
0.120969
0.751039
0.304109
0.585373
0.791711
0.624092
0.571625
0.541377
0.423520
0.556966
0.951229
0.844108
0.356376
0.223596
0.386137
0.924962
0.830755
0.198415
0.145431
0.491458
0.624450
0.478741
0.187252
0.753600
0.592364
0.701195
0.835409
0.381591
0.295871
0.072050
0.416201
0.028223
0.970472
0.469223
0.268363
0.652255
0.500925
0.255702
0.656006
0.306978
0.774471
0.456168
0.698959
0.578016
0.596266
0.286846
0.181232
0.334579
0.848577
0.483860
0.533601
0.627467
0.450987
0.716169
0.139578
0.087083
0.106658
0.916414
0.681183
0.214477
0.488905
0.380423
0.487201
0.485822
0.248653
0.354267
0.227215
0.190725
0.340308
0.417356
0.891701
0.394912
0.760567
0.601834
0.048251
0.649183
0.200157
0.788102
0.630129
0.715783
0.725424
0.543131
0.525821
0.787302
0.445007
0.274687
0.740731
0.434443
0.482466
0.830834
0.524042
0.091090
0.217582
0.853168
0.480660
0.919984
0.346057
0.707168
0.553798
0.544065
0.824786
0.340399
0.539903
0.379806
0.483797
0.717843
0.715523
0.055122
0.513819
0.515920
0.419393
0.210365
0.356819
0.167273
0.945474
0.722207
0.434868
0.870713
0.373795
0.464832
0.480980
0.322562
0.965977
0.033817
0.559015
0.527601
0.620458
0.385434
0.683084
0.677178
0.479456
0.988396
0.581224
0.333289
0.207579
0.298975
0.063566
0.505688
0.586348
0.853046
0.927799
0.636967
0.504251
0.547182
0.327338
0.229421
0.499028
0.730690
0.388232
0.399769
0.581058
0.429496
0.706678
0.667718
0.462210
0.515296
0.381365
0.092775
0.331967
0.501577
0.140330
0.851363
0.387274
0.944115
0.674300
0.622392
0.663384
0.495700
0.450120
0.447956
0.740328
0.314100
0.026676
0.581592
0.621019
0.176481
0.403152
0.107683
0.034741
0.551556
0.939427
0.443944
0.509286
0.534901
0.012795
0.682223
0.811249
0.164880
0.910998
0.625805
0.266929
0.629108
0.772521
0.528230
0.394167
0.441073
0.514460
0.675371
0.763041
0.574462
0.742963
0.415294
0.543133
0.629825
0.917414
0.553774
0.630394
0.508711
0.430030
0.533403
0.119778
0.635054
0.608354
0.463439
0.295296
0.950202
0.730176
0.298912
0.525533
0.017394
0.135477
0.517239
0.253703
0.616286
0.149310
0.182903
0.291179
0.785241
0.076830
0.370336
0.133414
0.403417
0.670951
0.547006
0.823123
0.382312
0.032848
0.829633
0.403024
0.247852
0.985087
0.588670
0.801403
0.050836
0.613917
0.776660
0.257495
0.269927
0.605089
0.468034
0.124961
0.535526
0.383160
0.637723
0.702735
0.754156
0.686119
0.295482
0.941495
0.964179
0.809170
0.324202
0.523260
0.266149
0.052491
0.624185
0.500696
0.892457
0.166512
0.429070
0.961295
0.120272
0.859369
0.410302
0.512451
0.283977
0.926268
0.465697
0.609814
0.479149
0.386292
0.557749
0.495105
0.992906
0.390366
0.703674
0.417509
0.552668
0.547127
0.453031
0.641135
0.482865
0.266207
0.275774
0.387803
0.958677
0.728380
0.865738
0.839532
0.441352
0.529847
0.426710
0.158443
0.260299
0.433472
0.570436
0.128543
0.040943
0.202121
0.809158
0.914441
0.883839
0.056370
0.212334
0.193181
0.951725
0.552617
0.613104
0.405488
0.427245
0.732335
0.426695
0.887611
0.204481
0.701672
0.680277
0.087739
0.709857
0.208568
0.378630
0.585901
0.693179
0.428825
0.606138
0.322824
0.628132
0.824312
0.636237
0.788985
0.443627
0.859387
0.782166
0.892771
0.095937
0.545672
0.964129
0.525157
0.946808
0.228122
0.005315
0.417914
0.263459
0.142239
0.445329
0.088883
0.566839
0.433973
0.542686
0.802173
0.298297
0.634846
0.533507
0.200002
0.381767
0.545037
0.260884
0.121106
0.390438
0.934873
0.398749
0.767406
0.487052
0.815977
0.553876
0.375648
0.416439
0.461164
0.522088
0.966158
0.214473
0.775090
0.636526
0.489615
0.327479
0.373855
0.832317
0.396693
0.413222
0.420822
0.858025
0.551005
0.629467
0.452487
0.521912
0.525118
0.952390
0.861069
0.572540
0.379160
0.624332
0.304957
0.646531
0.305102
0.681169
0.800746
0.606875
0.271032
0.459771
0.591402
0.291685
0.847031
0.515915
0.380089
0.728130
0.359395
0.380500
0.098825
0.542883
0.694125
0.567013
0.719432
0.922315
0.814336
0.158594
0.066964
0.309019
0.670702
0.260769
0.468963
0.963993
0.930319
0.593494
0.476852
0.479084
0.379684
0.282197
0.729118
0.018277
0.815243
0.636383
0.105541
0.456998
0.443893
0.388446
0.652570
0.518934
0.945166
0.566799
0.245009
0.863095
0.613020
0.530700
0.558660
0.439536
0.492661
0.410552
0.585243
0.021693
0.475062
0.510886
0.610012
0.905392
0.476075
0.382503
0.129663
0.515812
0.702594
0.795110
0.185669
0.086590
0.545594
0.981099
0.503581
0.209570
0.157244
0.426595
0.498007
0.688042
0.179763
0.368965
0.568626
0.499423
0.862334
0.025676
0.572833
0.847498
0.673047
0.718674
0.308318
0.769387
0.371035
0.324629
0.037946
0.590766
0.048766
0.608273
0.882793
0.823878
0.035027
0.374139
0.421643
0.485943
0.847656
0.471533
0.442238
0.783232
0.907480
0.508470
0.426349
0.414558
0.257216
0.351673
0.151766
0.175745
0.228135
0.007165
0.075384
0.283018
0.915194
0.754602
0.549622
0.487425
0.072550
0.923393
0.648289
0.622105
0.825011
0.619064
0.960122
0.632139
0.257579
0.352615
0.444504
0.054644
0.268694
0.398727
0.774747
0.381964
0.321468
0.397754
0.527150
0.482064
0.709863
0.529849
0.690946
0.431864
0.608434
0.582131
0.106115
0.805797
0.666863
0.635252
0.480797
0.394712
0.768663
0.431555
0.577856
0.561599
0.419235
0.482039
0.354188
0.122186
0.283187
0.501684
0.575145
0.941948
0.460448
0.043778
0.053345
0.528154
0.471347
0.522307
0.335234
0.315934
0.520292
0.515433
0.061788
0.556337
0.749500
0.840128
0.767016
0.739217
0.149449
0.047191
0.034679
0.916621
0.024049
0.443642
0.692319
0.160492
0.786664
0.891228
0.928174
0.400984
0.475034
0.114877
0.512573
0.700093
0.654263
0.466386
0.295446
0.398419
0.411843
0.334865
0.151597
0.687312
0.748203
0.004943
0.105088
0.755630
0.594118
0.544836
0.351618
0.739997
0.974890
0.007832
0.629178
0.289470
0.672043
0.444730
0.837448
0.413807
0.335257
0.162551
0.493026
0.234703
0.459985
0.826523
0.731912
0.891268
0.710834
0.154114
0.376671
0.731565
0.680270
0.002095
0.891663
0.282764
0.515488
0.100369
0.370597
0.509845
0.597512
0.231083
0.096240
0.425050
0.610850
0.574388
0.667279
0.468485
0.859410
0.487057
0.199812
0.649904
0.492876
0.716408
0.508944
0.697970
0.725604
0.012245
0.725699
0.211991
0.948569
0.781091
0.341798
0.915652
0.453245
0.541409
0.550454
0.380899
0.252495
0.000716
0.970256
0.231915
0.374111
0.724737
0.112823
0.219751
0.408073
0.582681
0.365401
0.856648
0.491624
0.575598
0.520704
0.629977
0.520714
0.259264
0.025677
0.390287
0.580347
0.948161
0.824779
0.294102
0.151051
0.342342
0.929631
0.624808
0.954647
0.768729
0.319515
0.621019
0.140815
0.317923
0.192621
0.120847
0.921427
0.162616
0.010820
0.805690
0.610341
0.157089
0.405134
0.966400
0.411967
0.573538
0.444401
0.722184
0.257079
0.532415
0.553177
0.363893
0.205807
0.407903
0.422189
0.421183
0.365544
0.688614
0.488429
0.898836
0.572537
0.447736
0.634168
0.475761
0.073484
0.049504
0.298888
0.917933
0.361349
0.383027
0.198189
0.120680
0.929097
0.760298
0.473048
0.765400
0.177653
0.714707
0.495781
0.329510
0.448241
0.807003
0.668558
0.536698
0.052233
0.615351
0.550265
0.794728
0.405479
0.242790
0.520681
0.297436
0.568110
0.483903
0.014314
0.547115
0.242044
0.491479
0.537811
0.468944
0.425223
0.749155
0.376425
0.095068
0.871804
0.680866
0.927349
0.378027
0.398136
0.792637
0.552952
0.374842
0.599174
0.911388
0.419084
0.418652
0.811166
0.075482
0.845824
0.225680
0.148967
0.136714
0.200515
0.763394
0.705046
0.302602
0.621645
0.424634
0.683808
0.509518
0.690486
0.395772
0.834440
0.621696
0.418661
0.402983
0.473287
0.620285
0.521771
0.689854
0.998788
0.498871
0.006462
0.308429
0.185003
0.621689
0.366943
0.564483
0.500020
0.494762
0.321304
0.380708
0.630834
0.982324
0.985643
0.550442
0.689812
0.990898
0.428796
0.317272
0.150021
0.019045
0.744475
0.407371
0.544224
0.251894
0.130867
0.770795
0.987278
0.339749
0.422978
0.688442
0.218416
0.634404
0.356310
0.463602
0.710703
0.607059
0.517111
0.683144
0.631232
0.510008
0.543869
0.493642
0.465506
0.573154
0.547707
0.462063
0.273654
0.732872
0.614874
0.098165
0.862074
0.430508
0.664951
0.533593
0.897860
0.816366
0.823989
0.320393
0.475966
0.707417
0.116047
0.605135
0.800801
0.338539
0.547771
0.561756
0.079259
0.800336
0.118344
0.612946
0.898833
0.161020
0.418991
0.576919
0.633085
0.210198
0.608099
0.247012
0.436671
0.419069
0.329130
0.473779
0.573700
0.442911
0.384752
0.600307
0.810769
0.623570
0.522903
0.350284
0.392087
0.193438
0.762668
0.148888
0.594200
0.369983
0.068406
0.053139
0.800621
0.713956
0.690543
0.503140
0.019240
0.880634
0.426770
0.764868
0.491778
0.455645
0.878263
0.218723
0.425130
0.507202
0.255646
0.600831
0.080918
0.994066
0.441189
0.632390
0.822753
0.539177
0.197757
0.469922
0.452059
0.760500
0.902643
0.692836
0.158316
0.019781
0.458016
0.460139
0.834989
0.701153
0.524751
0.876116
0.484991
0.096712
0.385615
0.398285
0.377407
0.553277
0.512427
0.305056
0.191769
0.559460
0.869545
0.668376
0.321540
0.076510
0.986005
0.749245
0.324360
0.329357
0.445567
0.124581
0.877275
0.259348
0.697663
0.789216
0.873746
0.138678
0.099686
0.867334
0.943556
0.525610
0.780174
0.883615
0.651806
0.127660
0.599006
0.193588
0.090966
0.629958
0.968302
0.354270
0.485343
0.896738
0.446947
0.890345
0.847803
0.461387
0.611239
0.296641
0.532007
0.217990
0.092203
0.266996
0.389128
0.543217
0.642753
0.052458
0.519097
0.022695
0.408840
0.916514
0.270600
0.794290
0.287657
0.709716
0.042075
0.918753
0.564458
0.817443
0.751859
0.277730
0.865293
0.595221
0.629237
0.494161
0.388349
0.537881
0.460704
0.723324
0.590523
0.558163
0.022808
0.252339
0.836669
0.066322
0.803539
0.156881
0.429455
0.582063
0.952578
0.813623
0.999904
0.361410
0.005178
0.449981
0.084514
0.299693
0.399578
0.218747
0.070527
0.578309
0.646156
0.509029
0.616333
0.943331
0.471707
0.593022
0.571861
0.270188
0.874172
0.660829
0.622862
0.011421
0.217162
0.892604
0.614291
0.423056
0.441403
0.548104
0.692098
0.318330
0.567223
0.986586
0.589297
0.480631
0.577636
0.273777
0.419500
0.457029
0.012872
0.537592
0.174428
0.491110
0.612164
0.935796
0.176648
0.719496
0.420715
0.583868
0.873105
0.661894
0.453879
0.082358
0.046565
0.775819
0.547904
0.561670
0.027057
0.503865
0.076351
0.627331
0.283915
0.350811
0.780942
0.802778
0.982988
0.017956
0.492951
0.949757
0.536396
0.114559
0.493898
0.668820
0.570189
0.093160
0.239436
0.130171
0.628326
0.928692
0.366809
0.526401
0.413971
0.926928
0.866492
0.711794
0.349193
0.804093
0.587174
0.388891
0.000341
0.154520
0.666096
0.921927
0.329284
0.306372
0.183289
0.607970
0.300381
0.712192
0.420275
0.388369
0.382965
0.588203
0.877482
0.448252
0.108558
0.163067
0.729465
0.510063
0.506193
0.349524
0.484116
0.492760
0.833762
0.075241
0.542359
0.700876
0.376518
0.708183
0.444424
0.436456
0.044093
0.275518
0.446956
0.257762
0.368008
0.966108
0.107597
0.252909
0.927049
0.665329
0.123292
0.151803
0.936818
0.738659
0.909891
0.619670
0.369135
0.564013
0.470310
0.217264
0.563981
0.188461
0.775125
0.537672
0.493176
0.562057
0.205361
0.465029
0.596202
0.567691
0.027615
0.953120
0.523984
0.192731
0.488582
0.729364
0.658791
0.459371
0.777746
0.046053
0.071945
0.862441
0.490060
0.384336
0.822333
0.128115
0.518988
0.625860
0.891724
0.751224
0.877394
0.975654
0.968357
0.485304
0.453766
0.168599
0.004152
0.476928
0.877886
0.014201
0.503269
0.502021
0.125303
0.657790
0.320612
0.378795
0.716348
0.408871
0.549893
0.057306
0.915128
0.688893
0.262434
0.616961
0.540480
0.215322
0.601698
0.348611
0.926164
0.367318
0.755924
0.356539
0.348727
0.685731
0.323797
0.638063
0.527503
0.375591
0.249776
0.367118
0.040032
0.122026
0.184784
0.063410
0.023560
0.505689
0.481241
0.500377
0.625278
0.915687
0.613453
0.956431
0.168999
0.763519
0.707470
0.496054
0.466094
0.913418
0.531134
0.298158
0.534405
0.612702
0.986612
0.235681
0.294757
0.088789
0.110402
0.191514
0.376931
0.584021
0.545966
0.100786
0.674388
0.467607
0.538757
0.296636
0.617906
0.683384
0.575521
0.268919
0.078557
0.615484
0.364396
0.599531
0.377666
0.553514
0.479194
0.444993
0.184814
0.802007
0.376809
0.431978
0.450677
0.521216
0.730554
0.769245
0.419464
0.358956
0.547077
0.439189
0.855284
0.224238
0.860386
0.894349
0.601849
0.501194
0.709467
0.569857
0.139685
0.573960
0.523851
0.472979
0.924443
0.849057
0.402226
0.163223
0.533667
0.551415
0.189544
0.426465
0.497633
0.194522
0.623797
0.891863
0.140153
0.055546
0.368348
0.544298
0.265136
0.720114
0.302976
0.868650
0.917788
0.109673
0.190548
0.416963
0.275151
0.663084
0.082486
0.460187
0.666011
0.366471
0.502849
0.411064
0.538559
0.268147
0.557786
0.513180
0.246454
0.505978
0.554940
0.109624
0.367238
0.230265
0.560657
0.341993
0.926216
0.516687
0.576609
0.207605
0.366600
0.284202
0.353224
0.542086
0.527127
0.267691
0.583715
0.454696
0.089816
0.702035
0.966271
0.634294
0.333702
0.419128
0.405548
0.207552
0.592545
0.962308
0.537547
0.766315
0.466276
0.170934
0.595281
0.598947
0.624476
0.454014
0.786890
0.521172
0.398419
0.626032
0.482204
0.684538
0.475099
0.566147
0.508765
0.889847
0.924596
0.300282
0.323469
0.982674
0.451317
0.453866
0.898136
0.828496
0.015890
0.040386
0.610059
0.046524
0.131178
0.468852
0.047974
0.564422
0.354824
0.959218
0.342906
0.085976
0.038002
0.562286
0.419412
0.392088
0.571687
0.405970
0.244336
0.323358
0.836902
0.478882
0.528307
0.615911
0.627608
0.699982
0.066527
0.301890
0.548710
0.983255
0.462658
0.595032
0.578247
0.103381
0.748221
0.539918
0.433066
0.907183
0.375138
0.551777
0.242946
0.965359
0.297815
0.816982
0.473489
0.515280
0.082600
0.235835
0.784328
0.276898
0.741116
0.840482
0.611212
0.579623
0.503889
0.429234
0.193376
0.280225
0.380053
0.534236
0.553635
0.260350
0.540434
0.282160
0.092913
0.058362
0.048892
0.550920
0.194724
0.506155
0.613566
0.529376
0.635615
0.686869
0.193838
0.122808
0.545365
0.832895
0.833670
0.388234
0.752760
0.708966
0.711349
0.487153
0.865195
0.134539
0.905660
0.250214
0.723891
0.555936
0.460564
0.756827
0.503406
0.727939
0.678727
0.957044
0.945461
0.161547
0.795652
0.790972
0.513170
0.604078
0.646342
0.474832
0.632334
0.608821
0.523514
0.356690
0.808355
0.562397
0.958690
0.125405
0.981959
0.294213
0.540607
0.330535
0.377456
0.989400
0.206258
0.447011
0.425620
0.606717
0.832937
0.571651
0.915436
0.756667
0.740723
0.594810
0.083650
0.532339
0.488502
0.663058
0.908302
0.996972
0.331676
0.413019
0.593799
0.017286
0.416195
0.167880
0.314698
0.626670
0.074577
0.021974
0.218194
0.664481
0.094561
0.897993
0.951479
0.517341
0.589761
0.076837
0.261250
0.606697
0.522046
0.777217
0.461367
0.202256
0.218958
0.424312
0.582108
0.048848
0.585153
0.500514
0.128877
0.403741
0.390960
0.923540
0.825981
0.285398
0.794767
0.725533
0.258425
0.456062
0.086802
0.441126
0.297284
0.115788
0.888138
0.968133
0.544974
0.016869
0.573583
0.764072
0.623815
0.884235
0.423414
0.478002
0.467069
0.549781
0.513929
0.261471
0.261731
0.974755
0.476153
0.534681
0.406239
0.560705
0.990862
0.561120
0.085099
0.619625
0.465200
0.313231
0.181824
0.406296
0.477952
0.701267
0.199330
0.284952
0.461138
0.623044
0.307197
0.440721
0.267176
0.961451
0.829236
0.511469
0.032066
0.487440
0.335528
0.276853
0.302254
0.449570
0.988190
0.436926
0.547074
0.939689
0.329939
0.064878
0.201033
0.614318
0.274138
0.248822
0.402618
0.112567
0.420716
0.718665
0.544048
0.382002
0.956669
0.985404
0.589681
0.750786
0.337648
0.624718
0.339695
0.591861
0.792937
0.505814
0.255962
0.743340
0.133907
0.654617
0.484430
0.732392
0.555017
0.470187
0.384980
0.414544
0.549231
0.553076
0.628438
0.528407
0.646828
0.125727
0.721450
0.486724
0.532315
0.437944
0.556234
0.371388
0.529502
0.353962
0.965309
0.269270
0.305484
0.446969
0.619498
0.956296
0.614419
0.257815
0.388634
0.496947
0.586088
0.397003
0.975880
0.562671
0.937337
0.487474
0.293354
0.382130
0.233271
0.774056
0.889992
0.858113
0.770335
0.966756
0.200301
0.928239
0.939506
0.554184
0.310530
0.251515
0.318325
0.937887
0.088021
0.282973
0.108712
0.618916
0.029471
0.833363
0.990199
0.792349
0.435058
0.735823
0.567692
0.290082
0.522872
0.572249
0.985897
0.100725
0.267221
0.441950
0.523847
0.275081
0.863805
0.576073
0.594907
0.592805
0.386437
0.745570
0.463185
0.574847
0.426338
0.691539
0.803237
0.811808
0.455331
0.480950
0.732408
0.088322
0.435284
0.397191
0.542169
0.539764
0.201204
0.566933
0.426978
0.244299
0.413964
0.927793
0.700695
0.414420
0.570262
0.228332
0.309021
0.533763
0.398137
0.433531
0.998653
0.511337
0.115677
0.013345
0.302356
0.693962
0.704655
0.808374
0.148419
0.309058
0.477686
0.410465
0.509906
0.596479
0.600621
0.988577
0.606150
0.243841
0.948265
0.950476
0.989817
0.279557
0.499903
0.529800
0.604121
0.388757
0.015911
0.562173
0.658445
0.425723
0.077563
0.691681
0.521375
0.762152
0.420361
0.191761
0.302792
0.448845
0.580802
0.567194
0.398646
0.160980
0.152598
0.723258
0.553145
0.260303
0.388664
0.500555
0.000548
0.031445
0.313058
0.558095
0.674118
0.637149
0.954816
0.214090
0.536970
0.016273
0.442475
0.639989
0.997490
0.878824
0.220491
0.487339
0.824764
0.676098
0.322875
0.606691
0.103795
0.267355
0.940353
0.418249
0.168346
0.210857
0.460168
0.071072
0.299937
0.900689
0.316827
0.928151
0.215414
0.750836
0.579165
0.593768
0.290828
0.827024
0.736417
0.649819
0.419640
0.575576
0.141000
0.051333
0.231630
0.621919
0.871699
0.397618
0.182451
0.489491
0.897848
0.775546
0.028749
0.415660
0.029576
0.426214
0.298314
0.137794
0.064573
0.421568
0.305008
0.268882
0.957248
0.654448
0.156222
0.571168
0.803800
0.273914
0.864822
0.408885
0.195451
0.715095
0.254618
0.529352
0.385117
0.445458
0.634497
0.707249
0.787405
0.449884
0.427771
0.906313
0.207468
0.432157
0.363723
0.918638
0.870858
0.372184
0.074621
0.304975
0.008103
0.172755
0.754924
0.250453
0.931820
0.701835
0.581676
0.074530
0.872534
0.633359
0.331423
0.482234
0.125450
0.924844
0.785687
0.404963
0.488259
0.658186
0.696140
0.592524
0.114374
0.853089
0.498533
0.483777
0.502978
0.870058
0.011702
0.490219
0.272659
0.283523
0.539556
0.381555
0.586778
0.789809
0.933269
0.601622
0.011685
0.682253
0.379837
0.270872
0.566463
0.992999
0.011526
0.763488
0.887111
0.545236
0.572547
0.680023
0.890725
0.677078
0.341933
0.071278
0.442160
0.047534
0.449466
0.495515
0.446071
0.820590
0.047313
0.379157
0.799654
0.441325
0.424461
0.611314
0.156319
0.419495
0.352480
0.941791
0.706794
0.247442
0.008416
0.453727
0.141805
0.380196
0.711103
0.926778
0.662027
0.133483
0.747039
0.461496
0.383560
0.168801
0.584313
0.016643
0.969767
0.679984
0.651214
0.565905
0.290478
0.574800
0.612348
0.657594
0.528957
0.221212
0.980580
0.504203
0.490358
0.427484
0.825990
0.101806
0.106700
0.245660
0.743532
0.961403
0.242838
0.093458
0.591844
0.452202
0.601937
0.122422
0.540507
0.572766
0.852335
0.610967
0.264077
0.622651
0.072817
0.956908
0.944575
0.438728
0.837194
0.538159
0.465512
0.579259
0.214301
0.215223
0.123336
0.219425
0.250586
0.241638
0.674694
0.631418
0.992496
0.495318
0.460809
0.938179
0.949166
0.070595
0.205989
0.538766
0.821271
0.310561
0.064890
0.588459
0.483618
0.384173
0.465801
0.401739
0.766235
0.783776
0.060891
0.959755
0.322536
0.489275
0.270985
0.606841
0.644242
0.709429
0.576610
0.742056
0.499192
0.750016
0.341379
0.291822
0.595527
0.178005
0.928901
0.956194
0.163772
0.249420
0.466472
0.927763
0.474257
0.692923
0.389841
0.421510
0.113229
0.075484
0.363615
0.428533
0.373405
0.551138
0.457874
0.880230
0.982825
0.395808
0.827274
0.369691
0.415795
0.096864
0.696124
0.124333
0.034685
0.019783
0.243954
0.694957
0.577483
0.972827
0.088108
0.169677
0.461285
0.712021
0.816079
0.387850
0.242487
0.413789
0.256653
0.711223
0.432712
0.732164
0.517221
0.193084
0.615720
0.953022
0.804679
0.754880
0.031989
0.566218
0.686619
0.360348
0.635926
0.738225
0.690831
0.846358
0.135670
0.294719
0.240629
0.410476
0.786624
0.922072
0.826490
0.531364
0.284489
0.547951
0.217498
0.978728
0.571235
0.164700
0.297166
0.626752
0.285349
0.468640
0.543533
0.100864
0.085219
0.501867
0.879911
0.907088
0.753611
0.550255
0.463446
0.996721
0.207619
0.392218
0.018444
0.923054
0.695183
0.450446
0.386130
0.677184
0.379665
0.826735
0.611708
0.183046
0.314977
0.473628
0.001575
0.767562
0.022689
0.303864
0.598446
0.685511
0.549250
0.727698
0.857975
0.415555
0.092848
0.294687
0.131333
0.488594
0.625303
0.216078
0.316960
0.390752
0.389581
0.874763
0.096874
0.289745
0.394815
0.693432
0.809811
0.201549
0.794419
0.567414
0.496001
0.388406
0.766679
0.198006
0.016566
0.015545
0.768492
0.492974
0.998801
0.822822
0.463221
0.561578
0.627213
0.221733
0.031641
0.906109
0.519144
0.899896
0.709254
0.889559
0.008355
0.671793
0.263902
0.720687
0.886318
0.580761
0.324120
0.140593
0.922119
0.508447
0.396555
0.544605
0.180861
0.906149
0.555019
0.524568
0.439091
0.471434
0.343470
0.381284
0.445992
0.727740
0.335720
0.634458
0.664680
0.969649
0.931449
0.997826
0.630407
0.645970
0.373624
0.697562
0.259024
0.655764
0.136551
0.748397
0.667873
0.442866
0.211952
0.033222
0.145940
0.670016
0.054234
0.820498
0.512060
0.231300
0.048154
0.612519
0.443277
0.652642
0.230209
0.526007
0.949970
0.372903
0.820975
0.585641
0.378337
0.097112
0.227597
0.913120
0.482536
0.577562
0.568660
0.794317
0.519215
0.270527
0.554793
0.437993
0.735070
0.575066
0.525973
0.577786
0.777293
0.696208
0.794819
0.412506
0.534373
0.450924
0.972455
0.867331
0.335096
0.469616
0.921247
0.310227
0.468445
0.835424
0.575703
0.783288
0.111466
0.168799
0.532022
0.527613
0.595432
0.241935
0.378941
0.286788
0.060074
0.441454
0.647980
0.985993
0.918754
0.723629
0.604493
0.637470
0.209214
0.912893
0.966569
0.626599
0.222926
0.510295
0.561750
0.833780
0.318527
0.322855
0.978773
0.221508
0.633259
0.699880
0.632243
0.615457
0.891432
0.102620
0.665623
0.624887
0.359642
0.634114
0.294515
0.349105
0.053241
0.549143
0.149943
0.899858
0.823404
0.821392
0.273381
0.677448
0.061105
0.427036
0.084408
0.405562
0.418514
0.503940
0.159325
0.787986
0.147301
0.311860
0.032139
0.105620
0.392173
0.284681
0.381141
0.355781
0.021717
0.154796
0.807502
0.481062
0.198051
0.276488
0.499463
0.697687
0.227573
0.183145
0.264664
0.751729
0.610711
0.602185
0.522687
0.493740
0.208589
0.422716
0.909532
0.679745
0.501734
0.270167
0.392044
0.610545
0.109976
0.473944
0.419656
0.562065
0.451654
0.453009
0.113442
0.407245
0.355554
0.937265
0.805919
0.969273
0.448967
0.698907
0.807217
0.909647
0.583069
0.539979
0.148857
0.260510
0.693610
0.215262
0.623555
0.511718
0.320819
0.536750
0.367312
0.461585
0.039750
0.664698
0.929062
0.761657
0.597100
0.003139
0.168685
0.245073
0.174887
0.752128
0.906261
0.095718
0.947669
0.594306
0.392217
0.335787
0.505426
0.107838
0.299867
0.569562
0.875949
0.443027
0.297548
0.918739
0.994988
0.098433
0.849618
0.992578
0.666453
0.060182
0.572177
0.606804
0.666891
0.369124
0.290279
0.728884
0.738024
0.220338
0.523008
0.552653
0.340479
0.376068
0.418801
0.252048
0.922442
0.130895
0.586296
0.023391
0.317677
0.995820
0.867960
0.941114
0.501734
0.927114
0.795314
0.455273
0.781012
0.067620
0.489433
0.737313
0.573848
0.789033
0.526615
0.486047
0.676689
0.191905
0.572710
0.731130
0.025288
0.598180
0.661729
0.218637
0.557881
0.767616
0.573949
0.580214
0.573405
0.432604
0.358306
0.741040
0.512585
0.755886
0.899555
0.730772
0.559928
0.238511
0.371010
0.392498
0.093972
0.448693
0.003198
0.760850
0.386288
0.521809
0.795301
0.216231
0.171134
0.364382
0.597252
0.168895
0.536004
0.415271
0.671913
0.872377
0.792269
0.812343
0.617973
0.458326
0.564736
0.855154
0.603769
0.558386
0.545373
0.843261
0.352366
0.510673
0.888839
0.777714
0.619165
0.073698
0.058246
0.375980
0.298873
0.172641
0.136111
0.489854
0.903113
0.988898
0.548237
0.187551
0.585296
0.542177
0.553755
0.965144
0.163013
0.648202
0.439165
0.480399
0.784704
0.383895
0.282007
0.430884
0.459501
0.438116
0.858829
0.817647
0.602012
0.944998
0.170058
0.601937
0.445250
0.292407
0.621594
0.381819
0.602828
0.529900
0.967597
0.894661
0.419701
0.229421
0.504513
0.900217
0.385101
0.119633
0.944214
0.484116
0.391248
0.123227
0.764738
0.202132
0.728370
0.220107
0.143129
0.532927
0.529980
0.522019
0.144494
0.149192
0.362424
0.513845
0.547864
0.544514
0.418918
0.501359
0.371082
0.488600
0.131480
