x_i,r_i
60092054,0.035639
-592619631,-0.351471
137251498,0.081401
566397741,0.335920
-497006434,-0.294765
-591620759,-0.350879
1169823090,0.693800
-1194355387,-0.708350
-113830362,-0.067511
940741057,0.557936
350496698,0.207873
-1085982243,-0.644075
419618606,0.248868
1646240921,0.976354
-1174746750,-0.696720
664539381,0.394126
1256762294,0.745362
891987441,0.529021
-1675902262,-0.993946
-1237372275,-0.733862
-1554971714,-0.922224
-752292407,-0.446170
-839099502,-0.497654
1436825253,0.852154
-286265530,-0.169779
1150702625,0.682460
-47096870,-0.027932
90387773,0.053607
441251406,0.261698
239939833,0.142304
-378074206,-0.224229
399427157,0.236893
1330323670,0.788990
-119645103,-0.070959
460927722,0.273367
-1450442259,-0.860230
-1305413922,-0.774216
392769065,0.232944
-1189406286,-0.705414
397049861,0.235483
162562150,0.096413
1341357697,0.795534
-289437702,-0.171660
-566470499,-0.335963
24069486,0.014275
1044489561,0.619467
160482754,0.095179
-93445195,-0.055421
1066290678,0.632397
271481521,0.161011
701012746,0.415757
-903939763,-0.536110
112337406,0.066625
8607369,0.005105
1408782290,0.835522
-1409781403,-0.836115
361417094,0.214350
1573916897,0.933460
1003531290,0.595175
-444161027,-0.263423
677104782,0.401578
46334393,0.027480
-202770462,-0.120259
877668629,0.520529
595866390,0.353397
-436141807,-0.258667
-410256598,-0.243315
284039341,0.168458
-1006205666,-0.596762
-1325570327,-0.786171
-235536910,-0.139692
1143212741,0.678018
-1240413530,-0.735666
1012009793,0.600204
-576272326,-0.341776
259528541,0.153921
-905671762,-0.537137
-32029159,-0.018996
1336189442,0.792469
332060277,0.196939
251580470,0.149208
-373559439,-0.221551
1589990218,0.942993
351232013,0.208309
-144695234,-0.085816
1264410441,0.749898
-428465134,-0.254115
-1547482075,-0.917782
424969158,0.252041
85945761,0.050973
1409539162,0.835971
944157373,0.559962
-35945778,-0.021319
-234589575,-0.139131
-1201486814,-0.712579
708062165,0.419938
1490036054,0.883712
80037329,0.047469
771138410,0.457348
-1114058899,-0.660727
460387166,0.273047
94977961,0.056330
593150514,0.351786
292304261,0.173360
-563612442,-0.334268
-1663158271,-0.986388
665446522,0.394664
573077021,0.339881
-883772946,-0.524149
-1185904935,-0.703338
-398041534,-0.236071
-723375819,-0.429020
13251190,0.007859
780338225,0.462804
463596426,0.274950
1633707725,0.968921
459996798,0.272815
283576329,0.168184
-1283073966,-0.760967
1454687973,0.862748
358424070,0.212575
-1288410527,-0.764132
-363139942,-0.215371
1490248061,0.883838
-1520690930,-0.901893
-566131911,-0.335762
737243234,0.437245
-114635115,-0.067988
-255920234,-0.151781
1138436753,0.675185
-683070550,-0.405116
-147053011,-0.087214
1375748510,0.815930
-1482901399,-0.879481
232351346,0.137803
556990533,0.330341
1514536742,0.898243
1002964161,0.594839
-640096070,-0.379629
-1484950307,-0.880696
795457582,0.471771
-887265383,-0.526220
193329794,0.114660
-1058792459,-0.627950
1468036278,0.870664
-1087129359,-0.644756
-51485750,-0.030535
245501325,0.145602
-1000162114,-0.593177
-422555447,-0.250610
-826839918,-0.490383
1660740005,0.984953
-223045562,-0.132284
-625015007,-0.370685
-1050288934,-0.622906
366784573,0.217533
1122864974,0.665950
1084896249,0.643431
-257557342,-0.152752
1231294805,0.730258
-1570723370,-0.931566
426946385,0.253214
806589418,0.478373
-1551360787,-0.920083
-347836450,-0.206295
-678964951,-0.402681
-1685984590,-0.999925
-517444859,-0.306887
87746918,0.052041
-817925759,-0.485096
12830970,0.007610
-987294819,-0.585546
970563182,0.575623
414050393,0.245565
141784770,0.084090
1283501749,0.761221
808556278,0.479539
-1510077007,-0.895598
-809845750,-0.480304
-1385933747,-0.821971
-245933314,-0.145858
-1538705015,-0.912577
68870354,0.040846
-867459995,-0.514474
-1628769658,-0.965992
-672185375,-0.398660
204778778,0.121450
194158333,0.115152
10478990,0.006215
-496073543,-0.294212
412117218,0.244419
-300944363,-0.178484
1304771606,0.773835
-1220815855,-0.724043
1072028714,0.635800
-1666403411,-0.988312
-1538425314,-0.912411
1218087401,0.722425
518278898,0.307381
-1266911803,-0.751381
-279530586,-0.165784
116686401,0.069204
1534757178,0.910235
-1076538787,-0.638475
-139303762,-0.082618
-223213287,-0.132384
1268699906,0.752442
1491591541,0.884635
619551030,0.367444
-527302031,-0.312733
-1617497014,-0.959307
-698926323,-0.414520
190372158,0.112906
-1602108855,-0.950180
-1614793454,-0.957703
374404901,0.222052
-334484282,-0.198376
-185261919,-0.109875
1473731930,0.874042
-1507512899,-0.894077
-285008946,-0.169033
205419897,0.121831
943764770,0.559729
-1679919403,-0.996328
117222998,0.069523
-270100271,-0.160191
-380631958,-0.225746
291105389,0.172649
-131371938,-0.077914
-133897559,-0.079412
177247026,0.105122
1583292549,0.939021
1219059174,0.723001
-224974079,-0.133428
160246138,0.095039
-105369315,-0.062493
1350830830,0.801152
333040089,0.197520
35131202,0.020836
80327733,0.047641
-1673233546,-0.992363
161453873,0.095755
43191434,0.025616
-5586483,-0.003313
-1015597186,-0.602331
27912969,0.016555
-491296430,-0.291379
-71503387,-0.042407
120866566,0.071684
587242849,0.348283
-295834214,-0.175454
1170496637,0.694199
-5819890,-0.003452
868877881,0.515315
54976866,0.032606
-788555371,-0.467677
-384368490,-0.227962
245562769,0.145639
-1268642646,-0.752408
-348143315,-0.206477
686701214,0.407269
158784361,0.094172
-1407797390,-0.834938
1526754117,0.905489
-1539119066,-0.912822
-1294501951,-0.767745
-108287558,-0.064223
-905990179,-0.537326
-1109487314,-0.658016
-606786919,-0.359874
-546362494,-0.324037
-833214731,-0.494164
524697014,0.311188
-1588147215,-0.941900
-1522596662,-0.903023
-896604019,-0.531759
-205359682,-0.121795
-1292782647,-0.766725
890273170,0.528004
264211621,0.156699
1038565702,0.615954
197245473,0.116983
450387418,0.267116
-677369027,-0.401735
-182704050,-0.108358
1589720825,0.942833
1563618722,0.927353
463690837,0.275006
-769379626,-0.456304
404816465,0.240089
-299109142,-0.177396
1309554669,0.776672
-1314527010,-0.779621
203453481,0.120664
931576754,0.552501
-1508878843,-0.894887
397628006,0.235826
-605723519,-0.359243
419826170,0.248991
-245641571,-0.145685
399636334,0.237017
-455857319,-0.270360
-1288427582,-0.764142
-1480771147,-0.878217
-217915402,-0.129241
552050865,0.327411
-64299766,-0.038135
-265048243,-0.157195
-28666882,-0.017002
-1668735863,-0.989696
232485330,0.137883
747161445,0.443127
-390521978,-0.231611
-194480415,-0.115343
-1328108006,-0.787676
971545085,0.576205
334626446,0.198461
-11270215,-0.006684
185915874,0.110263
-1569079531,-0.930591
-147569386,-0.087521
210806545,0.125025
62766378,0.037226
-1435152723,-0.851162
-94210274,-0.055874
-139350807,-0.082646
-697262094,-0.413533
188670149,0.111897
-1467310938,-0.870234
1374744897,0.815335
1468811834,0.871124
-117666467,-0.069786
-1334952530,-0.791735
-880358375,-0.522124
-763952126,-0.453086
-407966603,-0.241957
25846326,0.015329
1518474609,0.900579
1357288778,0.804982
13178381,0.007816
304058942,0.180332
933242185,0.553488
254297618,0.150819
-95903195,-0.056878
-1095117370,-0.649493
472175521,0.280038
1189666394,0.705569
390965437,0.231874
876131534,0.519617
-1347258247,-0.799033
167552546,0.099372
263373269,0.156202
248985430,0.147669
-316544047,-0.187736
1244095850,0.737850
-224066195,-0.132889
1211360606,0.718435
400197033,0.237349
241460274,0.143206
473697157,0.280941
433637094,0.257182
1168776705,0.693179
-1045534086,-0.620086
-1575883747,-0.934627
-1044159506,-0.619271
-6484775,-0.003846
247971906,0.147067
299581237,0.177676
-437468042,-0.259454
1188440625,0.704842
-939381366,-0.557129
1165958349,0.691508
-1051627394,-0.623700
-1444491767,-0.856701
403110482,0.239077
-424731419,-0.251900
-430074,-0.000255
195481697,0.115936
-90247526,-0.053524
159340413,0.094502
671107854,0.398021
-410220231,-0.243294
58348130,0.034605
1090413717,0.646704
530385302,0.314561
117756049,0.069839
-1384583766,-0.821170
-288531411,-0.171123
-1305857122,-0.774479
-1194656151,-0.708528
1651640434,0.979557
473421381,0.280777
1227739430,0.728149
1665198785,0.987598
-92509510,-0.054866
-355734819,-0.210980
1424058926,0.844582
-1043927655,-0.619134
615931010,0.365297
-1527631371,-0.906009
-113637706,-0.067396
680779505,0.403757
336438730,0.199535
1099285389,0.651965
393227966,0.233216
-1181935927,-0.700984
310873746,0.184373
837564325,0.496744
1040706118,0.617223
-1273074399,-0.755036
-393683238,-0.233486
1412277821,0.837595
22593870,0.013400
-1164822023,-0.690834
-107094366,-0.063516
-24336555,-0.014434
-1365918762,-0.810101
1391023441,0.824990
-1228778006,-0.728765
-1004645651,-0.595836
433414622,0.257050
-525134039,-0.311447
-1280734030,-0.759579
174211333,0.103321
219790182,0.130353
358963073,0.212894
-326743302,-0.193785
-1403352675,-0.832302
735596654,0.436268
280260185,0.166217
450025666,0.266902
1386464437,0.822286
662841590,0.393119
1667969969,0.989241
1117322762,0.662663
-1324545459,-0.785563
-108278530,-0.064218
-314376311,-0.186451
1564082898,0.927628
816837221,0.484451
-17480570,-0.010367
1237035489,0.733662
959885082,0.569290
-175598339,-0.104144
-917366898,-0.544073
687049401,0.407476
-1107866910,-0.657055
-108164587,-0.064150
-1437512170,-0.852561
-92308975,-0.054747
-99377622,-0.058939
-1144526419,-0.678797
1053126686,0.624589
910348265,0.539910
-1063587598,-0.630794
770395077,0.456907
28083622,0.016656
415720513,0.246556
-396620998,-0.235228
-437401507,-0.259415
1253578414,0.743474
-1592422631,-0.944436
86848770,0.051508
455079797,0.269899
190130998,0.112763
-225695631,-0.133856
120862282,0.071681
306508045,0.181784
-97236162,-0.057669
62425161,0.037023
288249618,0.170955
19549477,0.011594
1196523206,0.709635
439256737,0.260515
62414682,0.037017
1287660477,0.763687
-1543746098,-0.915567
434142073,0.257481
-99182814,-0.058823
-1263465259,-0.749337
-371212202,-0.220159
787955409,0.467321
1409074794,0.835696
578429037,0.343055
260726366,0.154632
279586985,0.165818
-715770574,-0.424510
176354949,0.104593
-1040830490,-0.617297
26677505,0.015822
151890810,0.090084
431335197,0.255817
647019758,0.383735
-65384487,-0.038778
1666543938,0.988396
-451491275,-0.267771
1354960246,0.803601
354860337,0.210461
1399803530,0.830197
-1386383411,-0.822238
351906174,0.208709
1084076297,0.642945
158632786,0.094082
1544243173,0.915861
388798726,0.230589
623313761,0.369676
1235087258,0.732507
453268093,0.268825
-882416626,-0.523345
109644857,0.065028
-343162014,-0.203523
698822549,0.414458
1599148694,0.948425
906011537,0.537338
-99758422,-0.059165
-328927443,-0.195081
1496591518,0.887600
169419113,0.100479
-286566030,-0.169957
-1361493691,-0.807476
-687424986,-0.407699
-343646783,-0.203810
-1003803718,-0.595337
1457661405,0.864511
250757934,0.148720
-126701415,-0.075144
-698643070,-0.414352
1572355317,0.932534
64737206,0.038394
-1133841935,-0.672460
1138378442,0.675151
-209281395,-0.124121
-588519490,-0.349040
-73238071,-0.043436
-199450734,-0.118290
-620567899,-0.368047
-1684630714,-0.999123
-304799711,-0.180771
376922074,0.223545
-276487875,-0.163980
253975118,0.150628
245185785,0.145415
-202977374,-0.120382
203420245,0.120645
-1246411562,-0.739223
-1203001263,-0.713477
248952554,0.147649
137915885,0.081795
1154669278,0.684812
-415253975,-0.246279
904551858,0.536473
1344154629,0.797193
-1170330,-0.000694
616516225,0.365644
-146502662,-0.086888
-1214036835,-0.720022
-1368610450,-0.811697
1095676249,0.649825
105875906,0.062793
95702965,0.056760
858747382,0.509307
227067569,0.134669
-410706166,-0.243582
-34577075,-0.020507
186320382,0.110503
-831069559,-0.492892
-633957422,-0.375988
1354833253,0.803526
-299930234,-0.177883
-957817631,-0.568063
-95113190,-0.056410
-864907267,-0.512960
-163565426,-0.097008
1632439737,0.968169
657964002,0.390226
-137669355,-0.081649
429676310,0.254833
-687321839,-0.407638
434601770,0.257754
-39549779,-0.023456
-185177826,-0.109825
-1605504279,-0.952194
-782024206,-0.463804
721532613,0.427927
-541299034,-0.321034
267900737,0.158887
-336999366,-0.199868
816382813,0.484181
269479854,0.159823
-1621208551,-0.961508
893478402,0.529905
1538982517,0.912741
936244278,0.555269
-584041615,-0.346384
-377497782,-0.223887
1204472845,0.714350
9897022,0.005870
21687113,0.012862
-455972846,-0.270429
-269092827,-0.159594
1213671366,0.719805
-1106101855,-0.656008
-406462374,-0.241065
1501339325,0.890416
-548542770,-0.325330
-288850311,-0.171312
-728856542,-0.432271
1633245141,0.968647
211175766,0.125244
174494161,0.103489
1573922666,0.933464
1381579629,0.819389
-1615931554,-0.958378
-1191982167,-0.706942
786826802,0.466652
464773509,0.275648
1459722470,0.865734
-438434815,-0.260027
-349508486,-0.207287
1419993629,0.842171
-1158933010,-0.687341
181506777,0.107648
1556161090,0.922930
1383879989,0.820753
-1194895754,-0.708670
-1164881871,-0.690869
-1420136566,-0.842256
382063309,0.226595
1626333822,0.964548
-36793335,-0.021821
-1627382702,-0.965170
22115045,0.013116
130925062,0.077649
-8309151,-0.004928
953872538,0.565724
-732738179,-0.434573
668761358,0.396630
-1245737159,-0.738823
41628770,0.024689
670694037,0.397776
850598806,0.504474
504788625,0.299381
-534728790,-0.317138
1325830701,0.786325
118236574,0.070124
39928937,0.023681
948087410,0.562293
-194728891,-0.115490
-431119578,-0.255689
597807297,0.354548
513273018,0.304412
1405247709,0.833426
-1106174930,-0.656051
22573977,0.013388
140426882,0.083285
-114800651,-0.068086
95131830,0.056421
400295153,0.237407
-232462390,-0.137869
756119949,0.448440
-55205698,-0.032741
-1322132279,-0.784132
38776978,0.022998
-1526493787,-0.905335
1418935366,0.841544
-102378719,-0.060719
-240918310,-0.142884
682007613,0.404486
-788794546,-0.467819
-563986439,-0.334490
-401751902,-0.238271
945634645,0.560838
595774934,0.353343
474479441,0.281405
157882346,0.093637
-388200211,-0.230234
-56732706,-0.033647
4611369,0.002735
1539911346,0.913292
1673795333,0.992696
607161702,0.360096
-663536255,-0.393531
54578426,0.032369
-1128923235,-0.669543
1343160942,0.796603
228783193,0.135687
-1339409726,-0.794379
-907093323,-0.537980
-385172746,-0.228439
767580593,0.455237
275726346,0.163528
-304234419,-0.180436
452476670,0.268355
-1205549687,-0.714989
751903954,0.445940
1153189989,0.683935
-256403834,-0.152068
-487583775,-0.289177
-1590644454,-0.943381
-274298115,-0.162681
-591640178,-0.350891
-102723399,-0.060923
-1353306910,-0.802621
-1070391275,-0.634829
1595236374,0.946104
-383049711,-0.227180
-155623382,-0.092297
-217374803,-0.128921
1618305566,0.959786
458429929,0.271886
-238447886,-0.141419
-637394491,-0.378027
-541435994,-0.321115
-117290431,-0.069563
146115898,0.086659
1638809181,0.971947
1442171054,0.855324
450958617,0.267455
-214722814,-0.127348
-687862411,-0.407958
-629883594,-0.373572
342773361,0.203292
-397838262,-0.235950
-287660275,-0.170606
-54018754,-0.032037
-849916343,-0.504069
1268021522,0.752040
-13917403,-0.008254
-1488269114,-0.882664
-254808927,-0.151122
949051738,0.562865
1182996925,0.701613
-1188200498,-0.704699
-504725127,-0.299343
400849186,0.237736
28025557,0.016621
-17116586,-0.010152
-680532783,-0.403611
-1348368278,-0.799692
440555117,0.261285
-752791458,-0.446466
817327785,0.484742
378787634,0.224652
30329989,0.017988
-1015348762,-0.602184
813627137,0.482547
75902330,0.045016
383458589,0.227422
-1428853010,-0.847426
415421913,0.246379
1510658882,0.895943
285990965,0.169616
-277241994,-0.164427
-233446607,-0.138453
683905162,0.405611
-994562611,-0.589856
1446255486,0.857747
133789449,0.079348
1328131410,0.787690
562142693,0.333396
-161682682,-0.095891
456485217,0.270733
-514461286,-0.305117
-278116227,-0.164945
-2124274,-0.001260
-80735687,-0.047883
709404002,0.420734
-772356715,-0.458070
-1413274474,-0.838186
-909751919,-0.539557
1488031914,0.882524
-718131923,-0.425910
53616286,0.031799
245589865,0.145655
506985330,0.300683
1683625797,0.998527
562203686,0.333432
-459717695,-0.272650
-859656774,-0.509846
-1377002531,-0.816674
910030126,0.539722
-436717927,-0.259009
-1195380862,-0.708958
1405244149,0.833424
-1339465290,-0.794411
-253290511,-0.150222
1668122826,0.989332
-64596851,-0.038311
55400894,0.032857
1228619721,0.728671
-777993838,-0.461413
-1452394331,-0.861388
-377625274,-0.223962
1439729185,0.853876
-653368870,-0.387501
613553981,0.363887
1617071182,0.959054
-1436466439,-0.851941
-283987550,-0.168428
105154645,0.062365
75388630,0.044712
1079922257,0.640481
209287402,0.124124
982164461,0.582503
448253150,0.265850
1195835433,0.709227
-1681522766,-0.997279
-187432443,-0.111163
971044454,0.575908
-721342335,-0.427814
125505018,0.074435
-393037155,-0.233103
801069934,0.475099
137443161,0.081515
241363906,0.143148
-1546426955,-0.917157
848561142,0.503266
118615217,0.070348
-917020406,-0.543867
232069965,0.137636
-702318594,-0.416532
1229760649,0.729348
973714898,0.577492
-132025499,-0.078302
-12730490,-0.007550
-1018084639,-0.603807
231387674,0.137232
144999933,0.085997
1522950798,0.903233
-1666313287,-0.988259
72523234,0.043012
-322639083,-0.191351
1262250262,0.748617
-253234415,-0.150189
1049182506,0.622250
142326445,0.084411
-188589282,-0.111849
-137217815,-0.081381
1640883186,0.973177
-85160763,-0.050507
-1507442522,-0.894036
31898945,0.018919
-1279308230,-0.758733
-880969379,-0.522486
459907502,0.272762
412997657,0.244941
1560528898,0.925520
-152102795,-0.090209
1170834998,0.694400
692478321,0.410696
-141485750,-0.083913
1131708941,0.671195
818312766,0.485326
-421678775,-0.250090
787778066,0.467216
-1622454747,-0.962247
833386950,0.494266
-437805151,-0.259654
572187226,0.339353
936613053,0.555487
421206222,0.249809
-3767175,-0.002234
-367498718,-0.217957
-676860459,-0.401433
-1215472810,-0.720874
-980207663,-0.581343
1542515050,0.914836
498430317,0.295610
-589182626,-0.349433
343216553,0.203555
-1419794382,-0.842053
1330886533,0.789324
719481574,0.426711
-117839359,-0.069888
220163706,0.130575
752670749,0.446395
-137574418,-0.081593
-252831527,-0.149950
1681032258,0.996988
-205165771,-0.121680
-1470502794,-0.872127
-1632340431,-0.968110
1554690442,0.922057
-499873587,-0.296466
499537022,0.296266
-1080141303,-0.640611
-1678688686,-0.995598
849070309,0.503568
-874900474,-0.518887
415472737,0.246409
546239130,0.323964
1338983293,0.794126
-1267683570,-0.751839
685413689,0.406506
-923527582,-0.547727
698192021,0.414084
-1065276010,-0.631795
110107793,0.065303
-71274070,-0.042271
-345520083,-0.204921
791025566,0.469142
736070249,0.436549
-1358214030,-0.805531
-516324795,-0.306222
472216870,0.280063
-395659583,-0.234658
749432506,0.444474
-203368739,-0.120614
326684206,0.193750
139590041,0.082788
-805363582,-0.477646
277241333,0.164427
190130870,0.112763
-234083599,-0.138831
204745162,0.121430
-322621555,-0.191341
-197979458,-0.117418
1304339145,0.773579
504353426,0.299122
1011016613,0.599615
-1235841466,-0.732954
-23774943,-0.014100
1077338842,0.638949
-1580756419,-0.937517
81208654,0.048163
219825657,0.130374
74818210,0.044373
-254422187,-0.150893
522706902,0.310008
1141809489,0.677186
1292360170,0.766474
1489157869,0.883191
52381150,0.031066
910271273,0.539865
-127872846,-0.075839
-154276603,-0.091499
452943718,0.268632
-664198271,-0.393923
-378319110,-0.224374
-1078364771,-0.639558
-1224887186,-0.726457
561609305,0.333080
-755393342,-0.448009
425849013,0.252563
223038710,0.132280
175996849,0.104380
1262322186,0.748659
165049933,0.097888
1159508222,0.687682
1466862473,0.869968
-698333486,-0.414168
384867941,0.228258
733079686,0.434776
235697633,0.139788
799191834,0.473986
-991133443,-0.587822
-1470202994,-0.871950
833984185,0.494620
-1641214238,-0.973373
-134171115,-0.079574
-569282026,-0.337630
465487377,0.276072
995566122,0.590451
-109685331,-0.065052
299717662,0.177757
-87335959,-0.051797
292566258,0.173516
-574556219,-0.340758
-1560270426,-0.925367
-89837503,-0.053281
1258753850,0.746543
-57232291,-0.033943
-982811986,-0.582887
-1617650919,-0.959398
414316802,0.245723
419963765,0.249073
-1504948426,-0.892556
263746673,0.156423
634829386,0.376505
-48734963,-0.028904
118697790,0.070397
199103561,0.118085
-655189230,-0.388580
1582627109,0.938626
561783494,0.333183
383341217,0.227352
-530422950,-0.314584
23990205,0.014228
144093646,0.085459
-346257543,-0.205359
-290825438,-0.172483
-1311885099,-0.778054
-1077025706,-0.638764
626035409,0.371290
-801224086,-0.475191
959614061,0.569129
166740574,0.098891
279753897,0.165917
1632205106,0.968030
-146627963,-0.086962
-835202074,-0.495343
-858858239,-0.509373
-587812998,-0.348621
1588106013,0.941876
-1177411346,-0.698300
458447833,0.271897
-751291070,-0.445576
355006005,0.210547
-253218442,-0.150179
409798961,0.243044
-208678262,-0.123763
280683469,0.166468
-190411394,-0.112929
-969065207,-0.574734
1574358866,0.933722
-98569243,-0.058460
289750278,0.171845
-424947871,-0.252029
1309012890,0.776351
150748797,0.089406
294635534,0.174743
197072953,0.116880
-578975902,-0.343380
871259029,0.516727
1475163798,0.874892
443805585,0.263213
114119338,0.067682
816276269,0.484118
191369374,0.113498
-678056599,-0.402143
318545266,0.188923
1048767813,0.622004
-1263116762,-0.749131
-694801983,-0.412074
-120442950,-0.071432
1402933725,0.832053
188852014,0.112005
174439577,0.103457
-316911230,-0.187954
-1342936843,-0.796470
-114363466,-0.067827
365641201,0.216855
-789001526,-0.467942
-1242690931,-0.737016
409390014,0.242801
1371276745,0.813278
144499602,0.085700
-1199468891,-0.711382
-199411898,-0.118267
238283809,0.141322
-1524800550,-0.904330
709299517,0.420672
970571342,0.575627
-1660073735,-0.984558
934712226,0.554360
412163669,0.244446
-1551931178,-0.920421
928576593,0.550721
-543933718,-0.322597
-586884627,-0.348070
-313213218,-0.185761
473318953,0.280716
-1189502542,-0.705471
70375429,0.041738
-1022637978,-0.606507
-114616703,-0.067977
950636538,0.563805
271200413,0.160844
-540406418,-0.320505
-1367622311,-0.811111
1424903618,0.845083
-1524991051,-0.904443
1110480374,0.658605
1258492593,0.746388
-1683905782,-0.998693
-43921075,-0.026049
-563877378,-0.334425
-158699895,-0.094122
-1646995502,-0.976802
-1029060251,-0.610316
-65793658,-0.039021
622962913,0.369467
-281496550,-0.166950
134118397,0.079543
1409586318,0.835999
-260630087,-0.154575
48594914,0.028821
216432917,0.128362
1083472662,0.642587
942643473,0.559064
-459078870,-0.272271
-260378451,-0.154426
1044794654,0.619648
364805865,0.216359
305169906,0.180990
721380037,0.427837
-263712090,-0.156403
1631429441,0.967570
-1123233734,-0.666169
519696221,0.308222
1417368494,0.840614
-1387962855,-0.823174
-71423486,-0.042360
1061891701,0.629788
-235071434,-0.139416
1581549425,0.937987
-1340449974,-0.794995
-356108275,-0.211201
-1574049730,-0.933539
-1118275767,-0.663228
-997282798,-0.591470
-716659675,-0.425037
356109254,0.211202
1638204833,0.971588
493347930,0.292595
1364363965,0.809178
-199210290,-0.118148
-357791111,-0.212199
-182825950,-0.108431
-417430571,-0.247570
3960150,0.002349
128441809,0.076176
-1215714454,-0.721017
364488557,0.216171
986495838,0.585072
-102869079,-0.061010
298928690,0.177289
-249852539,-0.148183
-671400730,-0.398195
83742721,0.049666
-1223954310,-0.725904
1564364317,0.927795
392526318,0.232800
83009241,0.049231
-358881726,-0.212846
1362526517,0.808089
-349930890,-0.207537
-490759119,-0.291060
779285386,0.462179
189480653,0.112377
106219134,0.062997
-1495916535,-0.887200
-572891054,-0.339771
185474789,0.110002
-409049594,-0.242600
-538049951,-0.319107
-1564805990,-0.928057
-957138563,-0.567661
1455218958,0.863063
794663737,0.471300
-1369114526,-0.811996
-186046827,-0.110341
1577533334,0.935605
82952849,0.049198
-1445448790,-0.857268
-495911379,-0.294116
-159905378,-0.094837
960876649,0.569878
-1307840910,-0.775656
263608389,0.156341
162875174,0.096598
379296961,0.224954
733409466,0.434971
371674333,0.220433
-568819666,-0.337356
699629465,0.414937
-1357413758,-0.805056
386692085,0.229340
11975862,0.007103
-1188802319,-0.705056
-1287951414,-0.763860
-341777011,-0.202701
1265140926,0.750331
196307145,0.116426
776467602,0.460508
220871077,0.130994
-137240506,-0.081395
153919265,0.091287
214033626,0.126939
-1525643203,-0.904830
1323980622,0.785228
-860206087,-0.510172
1280672930,0.759543
116812117,0.069279
1183117782,0.701685
-172144815,-0.102096
371104746,0.220095
760280301,0.450908
307771358,0.182533
-601560791,-0.356774
-1670352206,-0.990654
1686094597,0.999991
-863620762,-0.512197
851904897,0.505249
194892026,0.115587
-77272163,-0.045829
44328558,0.026290
1496842329,0.887749
1111555778,0.659243
-1283651915,-0.761310
-373039370,-0.221243
1310893489,0.777466
520340490,0.308604
687287373,0.407617
1601774334,0.949982
1168134537,0.692798
-177772334,-0.105433
-1647512475,-0.977108
-547079546,-0.324463
-577709087,-0.342628
-326322918,-0.193536
375027453,0.222422
121154958,0.071855
-302867271,-0.179625
-151260958,-0.089710
502680597,0.298130
-1236958186,-0.733616
-189109231,-0.112157
-1536367574,-0.911190
-1375106131,-0.815549
628966942,0.373028
-282353175,-0.167458
-166799630,-0.098926
145214917,0.086124
-1568801882,-0.930427
-818932159,-0.485693
173052218,0.102634
1571236445,0.931871
1444490414,0.856700
430973209,0.255602
-1599579390,-0.948680
934820213,0.554424
584835382,0.346855
854235761,0.506631
-1680081846,-0.996425
-251784435,-0.149329
1578541374,0.936203
-892544439,-0.529351
-464995054,-0.275780
1202081573,0.712932
-387615546,-0.229887
-397756255,-0.235902
791373146,0.469348
352388541,0.208995
-1665670194,-0.987877
-734622343,-0.435691
65551650,0.038877
697880277,0.413900
-19335594,-0.011468
-65457967,-0.038822
1146293354,0.679845
-1228225939,-0.728438
813118558,0.482245
1107950249,0.657104
-1334371534,-0.791390
-1461815163,-0.866975
741123558,0.439546
-922303743,-0.547001
-706793094,-0.419186
69077277,0.040968
-192490770,-0.114163
206299609,0.122352
-1537370302,-0.911785
1634602037,0.969451
621724534,0.368733
170667825,0.101220
-61598582,-0.036533
652581325,0.387034
-682557570,-0.404812
-890698999,-0.528257
209449298,0.124220
-1293530651,-0.767169
-882536698,-0.523416
-91605663,-0.054330
1353577882,0.802781
1647588477,0.977153
1232599566,0.731031
-281665991,-0.167051
229271906,0.135977
621670805,0.368701
944720022,0.560296
789157265,0.468034
-1436478294,-0.851948
-1060857555,-0.629175
-715783522,-0.424518
-672140439,-0.398634
-1145487502,-0.679367
-111951035,-0.066396
-459132890,-0.272303
-1191505983,-0.706660
240759226,0.142790
91850717,0.054475
134043950,0.079499
825967257,0.489866
1282454402,0.760599
894336757,0.530414
267158966,0.158447
907502577,0.538223
1434193098,0.850593
1633534093,0.968818
-642236994,-0.380899
-47920183,-0.028421
-636418670,-0.377448
-1019419483,-0.604598
343181638,0.203535
587158049,0.348232
-1557895718,-0.923958
908329789,0.538713
-192352178,-0.114080
698437369,0.414230
441611682,0.261912
-234507179,-0.139082
-96961834,-0.057506
-63202735,-0.037484
-1389953814,-0.824355
-5828627,-0.003457
296333534,0.175750
1485671465,0.881124
-781892686,-0.463726
750235141,0.444950
-831612314,-0.493213
-155386751,-0.092157
718279162,0.425998
1005168285,0.596146
378322798,0.224376
1320043353,0.782893
-1175343166,-0.697074
235508149,0.139675
1267017718,0.751444
-1369687887,-0.812336
-790371062,-0.468754
-795441331,-0.471761
266099710,0.157819
212874377,0.126252
-182978094,-0.108521
811212645,0.481115
765617030,0.454073
450498273,0.267182
-316754406,-0.187861
343962109,0.203997
192595598,0.114225
-240640071,-0.142719
49308130,0.029244
1395660565,0.827740
312773910,0.185500
803159825,0.476339
1337247018,0.793096
916596397,0.543616
360857374,0.214018
-745356055,-0.442057
-1559549966,-0.924940
-122013499,-0.072364
1562502310,0.926690
318540097,0.188920
710038074,0.421110
438199645,0.259888
-490404434,-0.290850
-61545447,-0.036501
-160396286,-0.095128
-1144044427,-0.678511
-35083722,-0.020807
-1263882895,-0.749585
639343946,0.379183
-557847027,-0.330848
-120759746,-0.071620
431701321,0.256034
-1130312174,-0.670367
518912549,0.307757
1602166214,0.950214
1078619041,0.639709
707585626,0.419656
326729917,0.193777
526220494,0.312091
-537227143,-0.318619
815017506,0.483371
993860053,0.589440
-240943274,-0.142899
-953908271,-0.565745
-1608880790,-0.954197
1290132845,0.765153
1559211358,0.924739
-592470615,-0.351383
1312484402,0.778410
9134981,0.005418
1623985894,0.963155
719959553,0.426994
-546278790,-0.323988
357024797,0.211745
1505111022,0.892653
115287257,0.068375
41764930,0.024770
1003460405,0.595133
128388214,0.076145
-432881103,-0.256734
1127429514,0.668657
-443943731,-0.263295
345716862,0.205038
-780802551,-0.463079
-826572206,-0.490224
338195685,0.200577
270186502,0.160242
50358369,0.029867
1499395738,0.889263
935276413,0.554695
415306510,0.246310
-70737607,-0.041953
-1236411806,-0.733292
1255980181,0.744898
1178947990,0.699212
-230987631,-0.136994
-1385695830,-0.821830
-148753363,-0.088223
1619131294,0.960276
420746857,0.249537
-41643918,-0.024698
-1663357371,-0.986506
503126310,0.298395
-407600447,-0.241740
-63278406,-0.037529
-367672611,-0.218060
812659246,0.481973
1073546649,0.636700
-978852734,-0.580539
138054133,0.081877
1624264374,0.963320
103053041,0.061119
1480240586,0.877903
-190538867,-0.113005
-732563778,-0.434470
-787468599,-0.467033
427300498,0.253424
-71725147,-0.042539
-1526386106,-0.905271
-114555615,-0.067941
658826970,0.390738
578911805,0.343342
-776631986,-0.460606
205672953,0.121981
346908322,0.205745
-12648619,-0.007502
52036566,0.030862
-195826351,-0.116141
665673194,0.394798
-66639123,-0.039522
1053370846,0.624734
-269471959,-0.159819
452465842,0.268349
-229009147,-0.135821
-582679706,-0.345576
-1324552319,-0.785567
364925690,0.216431
-432512611,-0.256515
-494725010,-0.293412
-1411479975,-0.837122
721445058,0.427875
-297788235,-0.176613
284455158,0.168705
472894385,0.280465
1052902922,0.624457
-868228531,-0.514930
-452094722,-0.268129
465180553,0.275890
-244938030,-0.145268
-741258651,-0.439626
659459206,0.391113
-939703839,-0.557321
1508816666,0.894851
-177181443,-0.105083
-1580540018,-0.937388
-1231576391,-0.730425
297980642,0.176727
362013205,0.214703
296850966,0.176057
1033769489,0.613109
-570776022,-0.338516
1346683309,0.798692
810891294,0.480924
1182001129,0.701022
-333088526,-0.197548
-600398907,-0.356085
1454624166,0.862710
472054849,0.279967
185733946,0.110155
-606101411,-0.359467
1425989294,0.845727
900966169,0.534346
-15287038,-0.009066
-1047507083,-0.621257
-333221066,-0.197627
-695943055,-0.412751
-195477942,-0.115934
336316685,0.199463
5378878,0.003190
295936073,0.175514
1209458450,0.717307
304063781,0.180334
1250346694,0.741557
1378098849,0.817324
-395548838,-0.234593
-583271491,-0.345927
-1450109490,-0.860032
-973565063,-0.577403
-1247928542,-0.740123
-141859627,-0.084134
-207878058,-0.123289
1179244241,0.699387
316657258,0.187803
193656941,0.114854
-1095358882,-0.649637
139411625,0.082682
387759410,0.229973
1235373701,0.732677
-564561946,-0.334831
539404545,0.319911
138392442,0.082078
-289702115,-0.171817
-713849618,-0.423371
1504471001,0.892273
-1485113022,-0.880792
-1277484491,-0.757652
-1628613258,-0.965900
986928433,0.585329
789599882,0.468297
112742349,0.066865
775123326,0.459711
-285423351,-0.169279
504959826,0.299482
408199141,0.242095
641589510,0.380515
567319393,0.336466
-229771366,-0.136273
1007954557,0.597799
-31970290,-0.018961
898966585,0.533160
407849826,0.241888
-774535275,-0.459362
166288022,0.098622
688339857,0.408241
166516394,0.098758
-1526083795,-0.905091
-92539746,-0.054884
271726953,0.161156
-395452046,-0.234535
1464637765,0.868649
-456785370,-0.270911
-288885311,-0.171332
1272525754,0.754711
-1199833635,-0.711599
1668352814,0.989468
435734681,0.258426
1186796930,0.703867
-1278176011,-0.758062
300029878,0.177942
-1102345743,-0.653780
-763932982,-0.453074
846558861,0.502078
365014974,0.216483
1123389897,0.666261
1123886994,0.666556
-660587867,-0.391782
-8135866,-0.004825
-575490015,-0.341312
1671653338,0.991426
287897917,0.170747
-1552932274,-0.921015
-249735943,-0.148114
-1620682846,-0.961196
983714389,0.583422
623480022,0.369774
-754565039,-0.447518
556908266,0.330292
418465261,0.248184
-919166242,-0.545140
-1261645271,-0.748258
1244194226,0.737908
241533957,0.143249
1007250534,0.597381
1077338753,0.638949
-1586588678,-0.940976
139533469,0.082755
-217616018,-0.129064
-1303852711,-0.773290
1307382210,0.775384
-257906763,-0.152960
-191776266,-0.113739
-216179023,-0.128212
-1625413878,-0.964002
192101709,0.113932
67948030,0.040299
-1178731895,-0.699084
1507007442,0.893778
1521644901,0.902459
-1343703674,-0.796925
1174041825,0.696302
385660954,0.228728
1160407037,0.688215
237566094,0.140896
-1312741959,-0.778562
-1393343518,-0.826366
-484332267,-0.287248
1030528790,0.611187
125232401,0.074273
-1078032598,-0.639361
-932094803,-0.552808
234238238,0.138922
-347141399,-0.205883
232638962,0.137974
-383971643,-0.227726
-441207130,-0.261672
975400769,0.578492
1284494394,0.761809
1433066333,0.849924
809940910,0.480361
-968070631,-0.574144
-283447806,-0.168108
1115380341,0.661511
235682870,0.139779
-168242319,-0.099781
93642570,0.055538
-1017011187,-0.603170
-752563138,-0.446331
-1400503479,-0.830612
-1532301294,-0.908779
-1195683803,-0.709137
-1266913338,-0.751382
-380120671,-0.225442
1122625626,0.665808
-28805443,-0.017084
450014926,0.266895
682661497,0.404874
-888795102,-0.527128
419672021,0.248900
851611990,0.505075
-133617199,-0.079246
1369649002,0.812313
-71691411,-0.042519
684367710,0.405886
-748100695,-0.443684
-1029927374,-0.610830
-1054656123,-0.625497
257220838,0.152553
-121791487,-0.072232
-1068698502,-0.633825
855194141,0.507199
993975790,0.589508
-1246516519,-0.739285
508996162,0.301876
311471413,0.184728
1348574838,0.799814
210626609,0.124919
-1452574838,-0.861495
678472397,0.402389
-526800258,-0.312435
1199418377,0.711352
1184146514,0.702295
1131072229,0.670817
357501446,0.212027
-1619341727,-0.960401
-1325729638,-0.786265
-399301251,-0.236818
-1669511922,-0.990156
916170553,0.543363
-89211806,-0.052910
-688369003,-0.408259
532374422,0.315741
-991097199,-0.587801
904902570,0.536681
-1443141075,-0.855900
407104926,0.241446
264920169,0.157119
225784434,0.133908
-282590139,-0.167599
1484581670,0.880477
817195201,0.484663
280360122,0.166276
-1590937379,-0.943555
318759982,0.189051
-374436967,-0.222071
-80722302,-0.047875
1586536437,0.940945
-954081098,-0.565847
-49505039,-0.029361
-1414402102,-0.838855
-103788147,-0.061555
201025726,0.119225
752153801,0.446088
346044562,0.205232
-781130331,-0.463274
-831486906,-0.493139
395537185,0.234586
-180360998,-0.106969
513438781,0.304511
-617039026,-0.365954
246568953,0.146235
243091618,0.144173
3118421,0.001849
-119073322,-0.070620
961712977,0.570374
271851498,0.161230
-823828243,-0.488597
1450318814,0.860157
119764265,0.071030
1366800050,0.810623
526085893,0.312012
-767830682,-0.455386
-1170549375,-0.694231
844813562,0.501043
-650913891,-0.386045
-31864210,-0.018898
-739439527,-0.438548
-390610238,-0.231664
925577909,0.548943
517800694,0.307098
69530033,0.041237
-587708406,-0.348559
-147810227,-0.087663
-1000732930,-0.593516
826006921,0.489889
-413291310,-0.245115
670933093,0.397918
-663691642,-0.393623
-1538152479,-0.912249
231258394,0.137155
263086845,0.156032
345313678,0.204799
-1432049479,-0.849321
1401009378,0.830912
324630549,0.192532
391489558,0.232185
862566417,0.511572
-1224710102,-0.726352
-718800979,-0.426307
-840619490,-0.498555
614739433,0.364590
305404658,0.181130
-1074955835,-0.637536
-1172201562,-0.695211
-50470335,-0.029933
-246704838,-0.146316
-557836707,-0.330842
-1130590034,-0.670532
-509661927,-0.302271
-990044414,-0.587177
1175479669,0.697155
119735606,0.071013
-511252879,-0.303214
441352266,0.261758
-54427891,-0.032280
-205159106,-0.121676
-1033738679,-0.613091
-19070702,-0.011310
113310501,0.067202
-648013626,-0.384325
-639269727,-0.379139
1126525274,0.668121
429846973,0.254934
220350414,0.130686
102930809,0.061046
374079778,0.221860
-165283115,-0.098026
739711574,0.438709
1038253265,0.615768
1197772906,0.710376
728968813,0.432338
1429018718,0.847524
167544489,0.099367
1421500210,0.843065
-1215421307,-0.720843
-214021658,-0.126932
-298938623,-0.177295
-401066630,-0.237865
-1392446179,-0.825833
-124242194,-0.073686
1542778329,0.914993
571497282,0.338944
-1326434251,-0.786683
-1014765706,-0.601838
367164209,0.217758
230987914,0.136995
1404241357,0.832829
1666048894,0.988102
-218591479,-0.129642
-802278062,-0.475816
610989541,0.362366
1070478086,0.634880
-201391775,-0.119442
1030093210,0.610929
-962846595,-0.571046
1064328718,0.631233
551299641,0.326965
-362009246,-0.214701
-37413483,-0.022189
683371670,0.405295
-1595088495,-0.946017
-1125082966,-0.667265
-403241683,-0.239155
416933534,0.247275
98336617,0.058322
1645904754,0.976155
-43159739,-0.025597
396481574,0.235146
1576852417,0.935201
97564090,0.057863
-47811619,-0.028356
-425935570,-0.252614
1008619161,0.598193
570521474,0.338365
-847598859,-0.502695
-1483757130,-0.879988
1676128241,0.994080
-1133866806,-0.672475
-491443059,-0.291466
-1090313794,-0.646644
36591561,0.021702
1289832850,0.764975
-919891803,-0.545570
-1563742906,-0.927426
-11657695,-0.006914
563767770,0.334360
-1042944195,-0.618550
638538830,0.378705
-92185863,-0.054674
301087138,0.178569
-538517419,-0.319384
-447570218,-0.265445
607708753,0.360421
825524458,0.489603
-278692883,-0.165287
-822373154,-0.487734
-294381527,-0.174592
191137714,0.113360
1320901125,0.783401
-799261082,-0.474027
748210305,0.443749
-377154054,-0.223683
-354381155,-0.210177
-63298706,-0.037541
910905177,0.540241
1071674306,0.635590
878689717,0.521134
-1210692618,-0.718039
-1262058319,-0.748503
-53450486,-0.031700
343405389,0.203667
-243974146,-0.144696
-315375479,-0.187043
512114130,0.303725
-1523397787,-0.903498
-169408634,-0.100473
973265633,0.577225
-1194149350,-0.708227
503078397,0.298366
-938530162,-0.556624
1111632825,0.659288
-529652254,-0.314127
-1011137771,-0.599687
200061206,0.118653
284592913,0.168787
910182698,0.539812
971543213,0.576204
211952414,0.125705
-470593303,-0.279100
-584553486,-0.346688
438822085,0.260257
1644005542,0.975029
-1632479935,-0.968193
1002788410,0.594735
727667037,0.431566
335571374,0.199021
95154201,0.056434
-742567934,-0.440403
760180853,0.450849
-228078026,-0.135269
305068401,0.180930
-1635376822,-0.969911
145447437,0.086262
783564350,0.464717
1421396297,0.843003
564990482,0.335085
87074341,0.051642
-256785978,-0.152295
239941537,0.142305
-266409382,-0.158002
968846525,0.574605
1275060430,0.756214
5151865,0.003055
-9440734,-0.005599
-185449003,-0.109986
412722006,0.244778
676712401,0.401345
103018858,0.061099
-759805587,-0.450626
735940958,0.436473
-1240847959,-0.735923
-643022,-0.000381
811798405,0.481462
496349926,0.294376
519668225,0.308205
-417237382,-0.247456
-221073379,-0.131114
-234909714,-0.139320
-705679143,-0.418525
52956226,0.031407
-59129035,-0.035068
-724291466,-0.429564
139529777,0.082752
-459556470,-0.272554
1115644109,0.661667
340794494,0.202119
-1225952759,-0.727089
-546978222,-0.324402
81076453,0.048085
146496518,0.086884
811414625,0.481235
1116666522,0.662274
-1378935939,-0.817821
-1234077938,-0.731908
-422138567,-0.250362
721919586,0.428157
-952375147,-0.564836
74020246,0.043900
1602663569,0.950509
-688948822,-0.408602
1190961197,0.706337
1027465118,0.609370
-1385651607,-0.821804
1063113842,0.630513
-65217979,-0.038680
-306922202,-0.182030
413028033,0.244959
-743868742,-0.441174
1416277725,0.839967
147297838,0.087360
96997785,0.057528
-189749118,-0.112537
-519129611,-0.307886
1353413302,0.802684
-547568911,-0.324753
27341258,0.016216
698615693,0.414336
928570046,0.550717
-972965175,-0.577047
-591373678,-0.350733
181418917,0.107596
93574726,0.055497
-1167929055,-0.692677
758311642,0.449740
148597309,0.088130
1039396174,0.616446
-1215668743,-0.720990
-934991198,-0.554526
1095248725,0.649571
-454285354,-0.269428
-1355204271,-0.803746
-852303382,-0.505485
-538208531,-0.319201
928189918,0.550492
-113329367,-0.067213
-588293966,-0.348906
134563077,0.079807
485140326,0.287728
382778241,0.227019
1231902458,0.730618
-405320291,-0.240388
-966230930,-0.573053
-1671196071,-0.991155
-387504958,-0.229822
-54638411,-0.032405
1493013750,0.885478
-670951503,-0.397929
-542733814,-0.321885
734613069,0.435685
249460990,0.147951
782607241,0.464150
-1169371438,-0.693532
726791781,0.431046
499855494,0.296455
-1685189151,-0.999454
68860698,0.040840
-1500227331,-0.889756
404177806,0.239710
-887509319,-0.526365
-1221028126,-0.724169
46599701,0.027637
3258902,0.001933
-1189257711,-0.705326
-1065473494,-0.631912
53685677,0.031840
497884190,0.295286
-331582487,-0.196655
-692405006,-0.410652
-271822907,-0.161213
-1597541978,-0.947472
1304479809,0.773662
1132271418,0.671529
-976712611,-0.579270
-1351466322,-0.801529
-713903335,-0.423403
-329547518,-0.195448
-482837643,-0.286362
190486326,0.112974
1584467057,0.939717
876331594,0.519736
-1122028275,-0.665454
-403638466,-0.239390
185150537,0.109809
-182770926,-0.108398
1502236965,0.890948
-168727866,-0.100069
-1659966815,-0.984495
-648647846,-0.384701
749332413,0.444415
141261262,0.083779
1337237369,0.793090
284287778,0.168606
-219639595,-0.130264
-766890922,-0.454828
283321041,0.168032
-832482710,-0.493730
1250124909,0.741425
-270792098,-0.160602
1527893161,0.906164
89129266,0.052861
-425592187,-0.252411
349903846,0.207521
-1281460991,-0.760010
-219629702,-0.130258
-118592739,-0.070335
-218830610,-0.129784
707097561,0.419366
-1591886526,-0.944118
-64139723,-0.038040
1632794998,0.968380
-145120975,-0.086068
-865019254,-0.513027
-598361139,-0.354877
161502590,0.095784
626808073,0.371748
-21276846,-0.012619
1571376101,0.931953
320242950,0.189930
630548321,0.373966
-1418331238,-0.841185
-1572071811,-0.932366
-352284658,-0.208933
-116707271,-0.069217
1392578402,0.825912
199013269,0.118031
331710102,0.196731
465209233,0.275907
-51619158,-0.030614
93076269,0.055202
527423646,0.312805
997115241,0.591370
-1673583246,-0.992570
406209861,0.240915
-868899290,-0.515328
-1457929791,-0.864671
264255418,0.156725
-386340387,-0.229131
1560309550,0.925390
-1641294695,-0.973421
-1111631486,-0.659288
617398517,0.366167
150289334,0.089134
250336753,0.148470
-271199542,-0.160843
597484173,0.354357
813470654,0.482454
-1588650551,-0.942199
-146969710,-0.087165
-69278043,-0.041087
-79003834,-0.046856
-78543839,-0.046583
-1685492774,-0.999634
1646978365,0.976792
-93944242,-0.055717
-1571987207,-0.932316
896932770,0.531954
273905237,0.162448
615755990,0.365193
-111965103,-0.066404
-1381022998,-0.819059
-562187795,-0.333423
1501071070,0.890257
-947691991,-0.562058
337127858,0.199944
-986107899,-0.584842
1441206374,0.854752
1659022977,0.983935
-1072457734,-0.636054
-677902179,-0.402051
-760949394,-0.451305
-1204431527,-0.714326
1011602882,0.599962
-1471753291,-0.872869
-288170506,-0.170908
869771953,0.515845
-1485133046,-0.880804
19179853,0.011375
-1550470658,-0.919555
-460224887,-0.272951
263282642,0.156148
291184997,0.172696
-895657594,-0.531198
1685274849,0.999505
1252047898,0.742566
1190548477,0.706092
-248685426,-0.147491
-1498730055,-0.888868
-262076446,-0.155433
1442634005,0.855599
723829526,0.429290
-346148591,-0.205294
-54916310,-0.032570
461883565,0.273934
1057363230,0.627102
-637561111,-0.378125
1424690674,0.844957
14334661,0.008502
-1233167706,-0.731368
-903267519,-0.535711
1215486010,0.720882
159106909,0.094363
-59630674,-0.035366
762541593,0.452249
-145247742,-0.086144
-582252939,-0.345323
872112182,0.517233
1548558193,0.918421
1374643018,0.815275
-912453619,-0.541159
536588350,0.318240
273911625,0.162452
1034368018,0.613464
-3277787,-0.001944
-48294970,-0.028643
573218209,0.339965
-221516710,-0.131377
777937597,0.461380
375722702,0.222834
-1563123079,-0.927059
265409570,0.157409
-376906795,-0.223536
1277736278,0.757801
948598225,0.562596
1528607594,0.906588
-338002067,-0.200463
-467106978,-0.277032
244543401,0.145034
650629682,0.385876
273343877,0.162115
-124877594,-0.074063
-1440913407,-0.854578
359528570,0.213230
-237754851,-0.141008
142098926,0.084276
395622105,0.234636
1089564226,0.646200
696965429,0.413357
159302262,0.094479
-142855119,-0.084725
1589902218,0.942941
565581517,0.335436
163483262,0.096959
1573206025,0.933039
1664018514,0.986898
-127437083,-0.075581
-1663062522,-0.986331
-1649960351,-0.978560
-358941542,-0.212881
51581309,0.030592
35498254,0.021053
-1636191431,-0.970394
-10977182,-0.006510
-400064875,-0.237271
-170948714,-0.101386
-1165469039,-0.691218
-1243137110,-0.737281
-1373252051,-0.814450
183488926,0.108824
-9508759,-0.005639
-348227982,-0.206527
-566644667,-0.336066
1495568166,0.886993
-781241151,-0.463339
496302266,0.294347
5317853,0.003154
591874094,0.351029
-62285927,-0.036941
-1440150910,-0.854126
-1212888075,-0.719341
896337078,0.531601
-107681551,-0.063864
151548874,0.089881
1184873869,0.702726
1550732478,0.919710
437682377,0.259581
-27755374,-0.016461
-380137051,-0.225452
49227846,0.029196
429537057,0.254750
-1222775590,-0.725205
1497653309,0.888230
-1578688690,-0.936290
-171285511,-0.101586
-75166558,-0.044580
587776341,0.348599
304691670,0.180707
-553132207,-0.328052
-391535638,-0.232212
412732653,0.244784
1374420958,0.815143
29491497,0.017491
-127993166,-0.075910
550968069,0.326769
307329382,0.182271
500081025,0.296589
209180922,0.124061
-14498915,-0.008599
-940626322,-0.557868
1187125337,0.704062
-1232173374,-0.730779
-168206667,-0.099760
-178903306,-0.106104
1548172721,0.918192
197970954,0.117413
-175504307,-0.104088
949676798,0.563235
-805869175,-0.477946
1504964818,0.892566
810437733,0.480655
1524466310,0.904132
-1137544223,-0.674656
-958087910,-0.568224
-626897155,-0.371801
164722062,0.097694
1148630201,0.681231
1583839458,0.939345
-1596152811,-0.946648
457559062,0.271370
1136198673,0.673858
-1317802966,-0.781564
275145645,0.163184
296554014,0.175881
-1245922839,-0.738933
758734578,0.449991
408102341,0.242038
-1406843994,-0.834373
-420762047,-0.249546
732338490,0.434336
-1090977187,-0.647038
1199568046,0.711441
-206685927,-0.122582
305259266,0.181043
-326594187,-0.193697
-221632202,-0.131446
113455729,0.067288
278987850,0.165462
-1322980595,-0.784635
282356030,0.167460
353890889,0.209886
-313441006,-0.185896
-1568954587,-0.930517
372948166,0.221188
1302352033,0.772400
-864064166,-0.512460
173858237,0.103112
-1444107314,-0.856473
1513006457,0.897335
-493894366,-0.292919
1481844437,0.878854
146095702,0.086647
315345105,0.187025
106304618,0.063047
-189031827,-0.112111
-758973346,-0.450133
-561048919,-0.332747
-1176657102,-0.697853
31314053,0.018572
-953160218,-0.565301
167140097,0.099128
691091834,0.409873
117694749,0.069803
-1106666770,-0.656343
-457311783,-0.271223
-425517246,-0.252366
-1642961867,-0.974410
1306069878,0.774605
-356989135,-0.211723
831855754,0.493358
614494669,0.364445
-1163212930,-0.689880
573053705,0.339867
197163346,0.116934
1049600485,0.622498
76994310,0.045664
-1072444063,-0.636046
217972122,0.129275
-1130099587,-0.670241
1565049358,0.928201
-274581959,-0.162849
-326241950,-0.193488
1385974165,0.821995
-1400401770,-0.830552
837823889,0.496897
870325418,0.516174
424243501,0.251611
-222442850,-0.131927
216599401,0.128461
-891566222,-0.528771
-785966267,-0.466142
92370982,0.054783
1553901505,0.921590
-660096582,-0.391491
435380189,0.258216
-568581842,-0.337215
-895395175,-0.531042
15874946,0.009415
919000821,0.545042
-988623434,-0.586334
-195560463,-0.115983
909710538,0.539532
95197325,0.056460
397280702,0.235620
-203955255,-0.120962
546409874,0.324065
-356893531,-0.211667
-1493053114,-0.885501
-222500319,-0.131961
745565658,0.442181
-198714563,-0.117854
376813646,0.223481
1208051449,0.716472
-17695326,-0.010495
48761941,0.028920
-36912426,-0.021892
-841600431,-0.499137
757204202,0.449083
591390701,0.350743
934115550,0.554006
1652204585,0.979891
-1211905102,-0.718758
887031301,0.526081
-39198106,-0.023248
-300641151,-0.178305
-300279302,-0.178090
251100829,0.148923
868714350,0.515218
-385328295,-0.228531
-835766334,-0.495677
819325365,0.485926
-175673354,-0.104189
-1538207567,-0.912282
-6492918,-0.003851
-285647027,-0.169412
-1267850242,-0.751938
-1646834551,-0.976706
928285138,0.550548
145454949,0.086267
1275833222,0.756672
793487073,0.470602
-1167671782,-0.692524
437799421,0.259651
-947679602,-0.562051
-1459865671,-0.865819
-355735070,-0.210980
1407610645,0.834827
-879438570,-0.521578
-617752815,-0.366377
-206844630,-0.122676
181337773,0.107548
-928905442,-0.550916
468966633,0.278135
1361424370,0.807435
439718085,0.260788
230239398,0.136551
-402120383,-0.238490
-40347078,-0.023929
29375837,0.017422
882625966,0.523469
-962397159,-0.570780
451548162,0.267805
-235955083,-0.139940
-490278346,-0.290775
-388807311,-0.230594
-1185897142,-0.703333
112641549,0.066806
-1535434178,-0.910637
-338274999,-0.200624
-1172744686,-0.695533
-1282190811,-0.760443
-800823866,-0.474953
1416627105,0.840175
1567682138,0.929763
455432381,0.270108
-788380466,-0.467574
801286265,0.475228
-1179929054,-0.699794
365392341,0.216707
82822998,0.049121
-1364780079,-0.809425
-1299352214,-0.770621
-123292307,-0.073122
-634686114,-0.376420
847558057,0.502671
-1190038478,-0.705789
-690308219,-0.409409
-306227482,-0.181618
-1305915903,-0.774514
-751666566,-0.445799
1518181405,0.900405
-676793362,-0.401393
-1113506599,-0.660400
-315436990,-0.187080
776204085,0.460352
132207734,0.078410
755980849,0.448358
342113674,0.202901
-678114099,-0.402177
-77266818,-0.045825
394591753,0.234025
-319813038,-0.189675
86101221,0.051065
-1287913466,-0.763837
458883169,0.272155
320798362,0.190259
-1627453571,-0.965212
-327034098,-0.193958
1015331129,0.602174
-283024798,-0.167857
-1229253483,-0.729047
-412247658,-0.244496
343015569,0.203436
-19464790,-0.011544
58133549,0.034478
-86391906,-0.051237
-581095831,-0.344637
-610854798,-0.362286
-830568891,-0.492595
424436006,0.251725
-492299583,-0.291974
-1384613190,-0.821188
392141533,0.232572
637467182,0.378070
1009982873,0.599002
-258380670,-0.153241
-1182604811,-0.701380
1114019510,0.660704
1253379825,0.743356
-35146294,-0.020845
-1069321331,-0.634194
-1304707394,-0.773797
1133725385,0.672391
-186081646,-0.110361
-704190555,-0.417642
-1182631354,-0.701396
-625369823,-0.370895
1468067546,0.870683
961893949,0.570481
932335950,0.552951
997353977,0.591512
1086123682,0.644159
-1427024043,-0.846341
10374102,0.006153
1220445521,0.723823
429417962,0.254680
-437255443,-0.259328
-373493282,-0.221512
1630357289,0.966934
1632017586,0.967919
-1236209403,-0.733172
1634749286,0.969539
1681164161,0.997067
-151364870,-0.089772
-325699171,-0.193166
-13770642,-0.008167
-460808615,-0.273297
665708738,0.394819
576484533,0.341902
-924403466,-0.548246
-864787535,-0.512889
15404554,0.009136
158513741,0.094011
-275817218,-0.163582
-1355731063,-0.804058
-1013771566,-0.601249
1089643109,0.646247
1571280006,0.931896
4119009,0.002443
-660160742,-0.391529
-396868355,-0.235375
-1153194098,-0.683938
-12862791,-0.007629
-1097966878,-0.651183
-1575339499,-0.934304
261217814,0.154923
-188962287,-0.112070
-496914902,-0.294711
1111595437,0.659266
1315242014,0.780045
329580521,0.195468
-1649409806,-0.978234
-327025723,-0.193953
1564153254,0.927670
1132368961,0.671587
1120410426,0.664494
-850298787,-0.504296
289777326,0.171861
1347534617,0.799197
763380994,0.452747
1635821429,0.970175
-1074676938,-0.637371
-75671439,-0.044879
176047690,0.104411
299016461,0.177341
1206901566,0.715790
252622921,0.149826
142567186,0.084554
1016397093,0.602806
-834924858,-0.495178
127514273,0.075626
-182423718,-0.108192
-1514679363,-0.898328
-73015858,-0.043304
-208622727,-0.123730
-375019742,-0.222417
384154837,0.227835
1247301718,0.739751
-593727791,-0.352129
532862570,0.316031
932958317,0.553320
-1167987106,-0.692711
1249138857,0.740841
-463256270,-0.274749
-817781115,-0.485010
-21184538,-0.012564
-969522943,-0.575006
1643232122,0.974570
-775858403,-0.460147
1045843182,0.620270
356417497,0.211384
362840386,0.215194
354384437,0.210179
278371702,0.165097
1249897777,0.741291
338779786,0.200924
-107796531,-0.063932
1206729086,0.715688
-774119159,-0.459115
-943875246,-0.559795
-1264715803,-0.750079
206514438,0.122480
-344312991,-0.204206
-25296998,-0.015003
119800445,0.071051
-557255666,-0.330498
-22987719,-0.013634
1125307234,0.667398
-394010731,-0.233680
1426170518,0.845835
-108145775,-0.064139
-204742998,-0.121429
464430893,0.275445
482589854,0.286215
751522153,0.445714
217082226,0.128747
683667781,0.405470
629492262,0.373340
-217346623,-0.128904
-829998150,-0.492256
857069021,0.508311
-697314514,-0.413564
-1560354663,-0.925417
-1315005054,-0.779905
627633397,0.372237
837312438,0.496594
28058097,0.016641
429151946,0.254522
-689680755,-0.409037
471300030,0.279519
-347559479,-0.206131
291352466,0.172796
1488818853,0.882990
-688839866,-0.408538
-258977759,-0.153595
-1655738406,-0.981987
1565315389,0.928359
-21173682,-0.012558
-258118407,-0.153085
-1176117342,-0.697533
1042588245,0.618339
119395542,0.070811
-1321150383,-0.783549
1645004522,0.975621
-592830995,-0.351597
-828740898,-0.491511
1641671209,0.973644
15166898,0.008995
78437381,0.046520
-995838874,-0.590613
-584156543,-0.346452
681090042,0.403942
-788597603,-0.467702
-543016594,-0.322053
-616373927,-0.365560
-41248318,-0.024464
-1509097547,-0.895017
-1049361930,-0.622357
984741553,0.584032
-784912630,-0.465517
418780493,0.248371
-50424322,-0.029906
-1526394231,-0.905275
-646994990,-0.383720
2346341,0.001392
-860750458,-0.510495
-32764703,-0.019432
379895834,0.225309
1323450365,0.784913
-1248739186,-0.740604
884293049,0.524457
909036514,0.539132
-1124596459,-0.666977
1413277462,0.838188
1105558801,0.655686
865439530,0.513276
-239192915,-0.141861
393607454,0.233441
-397401367,-0.235691
-36154894,-0.021443
1555588805,0.922590
-72679770,-0.043105
340723521,0.202077
-1581917126,-0.938205
-1280527523,-0.759457
821919662,0.487465
-281378279,-0.166880
-705399294,-0.418359
1211871861,0.718738
1229620278,0.729264
364997489,0.216473
-22419638,-0.013297
-302482419,-0.179397
-701328322,-0.415945
12655433,0.007506
394491922,0.233966
41986085,0.024901
-1683900474,-0.998689
-1382192735,-0.819752
93188186,0.055268
-728478019,-0.432047
668432078,0.396434
-1348948359,-0.800036
1081972770,0.641698
1437468629,0.852535
1533991254,0.909781
271303121,0.160905
209074026,0.123998
-115676307,-0.068605
233203550,0.138309
568196009,0.336986
1381176882,0.819150
370315653,0.219627
589834470,0.349820
345846785,0.205115
-856753030,-0.508124
-70315491,-0.041703
655468014,0.388746
-493501735,-0.292687
1441542722,0.854952
-383449803,-0.227417
318498422,0.188895
-334856143,-0.198597
-469991542,-0.278743
194740941,0.115497
1220768382,0.724015
111985673,0.066417
-1565971374,-0.928748
-16506139,-0.009789
667963910,0.396157
-277584287,-0.164630
-1189412710,-0.705418
1662188925,0.985813
236850446,0.140472
-965230791,-0.572460
-555596702,-0.329514
-369710443,-0.219268
415476630,0.246411
801351313,0.475266
-1212235862,-0.718954
686834221,0.407348
284931486,0.168987
1622373481,0.962199
-177751438,-0.105421
-278176699,-0.164981
-1356057818,-0.804252
-951516991,-0.564327
475266234,0.281871
177606877,0.105335
-605115346,-0.358882
1619305369,0.960379
-1056846206,-0.626795
158922741,0.094254
-929552202,-0.551300
1035810033,0.614319
4126666,0.002447
-158389875,-0.093938
1489055934,0.883131
276303049,0.163870
-1167015790,-0.692135
475938213,0.282270
-1345467322,-0.797971
1564541729,0.927900
819720410,0.486161
-57783235,-0.034270
1567982414,0.929941
-1342017543,-0.795925
-1257310,-0.000746
-788402859,-0.467587
-666149418,-0.395081
610085713,0.361830
285157354,0.169121
-756139795,-0.448452
440787934,0.261423
1619037481,0.960220
-1431945550,-0.849260
-378353915,-0.224395
935796070,0.555003
109211009,0.064771
1291115770,0.765736
1546760093,0.917354
-492531090,-0.292111
624370777,0.370302
96815810,0.057420
770149045,0.456761
-1523627274,-0.903634
285837745,0.169525
880889866,0.522439
1233350733,0.731477
12308222,0.007300
-883755639,-0.524139
-51759918,-0.030698
1144977509,0.679064
-1557518714,-0.923735
-156024863,-0.092535
165724442,0.098288
-197772547,-0.117295
292411790,0.173424
-420953927,-0.249660
1043152098,0.618674
100651029,0.059694
-1307185130,-0.775267
287854609,0.170721
-95981526,-0.056925
-247148627,-0.146579
424997406,0.252058
250955241,0.148837
-81878286,-0.048560
-1151807035,-0.683115
688449446,0.408306
444168769,0.263428
-169763526,-0.100684
-808325539,-0.479403
-549234514,-0.325741
-60996327,-0.036176
1464248066,0.868418
-224346763,-0.133056
5328182,0.003160
1268743793,0.752468
72583242,0.043048
237524749,0.140871
272846142,0.161820
-68321719,-0.040520
-148535022,-0.088093
-1252633819,-0.742913
-931831610,-0.552652
301669537,0.178914
-1028034214,-0.609708
-1548039747,-0.918113
-73986098,-0.043880
635089273,0.376659
-197949150,-0.117400
-1004514603,-0.595759
431186518,0.255729
-506129199,-0.300176
-1415079830,-0.839257
1042548333,0.618316
-809967522,-0.480376
-775840087,-0.460136
-362748110,-0.215139
1397587077,0.828882
-603876890,-0.358148
1172186881,0.695202
-911590022,-0.540647
1294388509,0.767677
1264254702,0.749805
-358152743,-0.212414
202761026,0.120254
-1496018891,-0.887260
1309552502,0.776671
-1456532687,-0.863842
-985292662,-0.584358
-970072627,-0.575332
-18371714,-0.010896
-1325947127,-0.786394
842186066,0.499485
-1034662427,-0.613639
-423658746,-0.251264
-112682655,-0.066830
-1158282854,-0.686956
1523316861,0.903450
847324686,0.502532
696795705,0.413256
235910498,0.139914
177436053,0.105234
1085518998,0.643801
210991505,0.125135
984588458,0.583941
381410605,0.226207
117550750,0.069717
-267020439,-0.158365
-419624078,-0.248871
-318716091,-0.189024
641801254,0.380640
1558213569,0.924147
-1554072134,-0.921691
-245347363,-0.145511
-109345490,-0.064851
-1513855335,-0.897839
700645250,0.415539
783483637,0.464669
427159990,0.253340
233326577,0.138382
40343754,0.023927
-247200627,-0.146610
1312352702,0.778332
1654747081,0.981399
-417214062,-0.247442
1307109541,0.775222
1662547270,0.986025
-364136927,-0.215963
581333466,0.344778
-996554947,-0.591038
-264496050,-0.156868
111244025,0.065977
1372701090,0.814123
680081493,0.403343
153544406,0.091064
-1189904815,-0.705710
-521172758,-0.309098
607933421,0.360554
-1631626018,-0.967686
1126248489,0.667957
-528281678,-0.313314
-1390235131,-0.824522
1347913318,0.799422
-189767551,-0.112548
-40952326,-0.024288
707685021,0.419715
-63640722,-0.037744
-26908839,-0.015959
182320066,0.108131
-982772299,-0.582864
983077878,0.583045
175840433,0.104288
-397840118,-0.235951
-409285811,-0.242740
1162283006,0.689328
-1382360951,-0.819852
268617170,0.159312
289678181,0.171803
-854569082,-0.506829
1312060129,0.778158
-337984998,-0.200452
651441661,0.386358
257421966,0.152672
-1512684615,-0.897145
109686242,0.065053
-240018667,-0.142351
-493029098,-0.292406
-259710191,-0.154029
200757546,0.119065
357919405,0.212275
125726,0.000075
-350983959,-0.208162
-779947022,-0.462572
-597476155,-0.354352
-288042842,-0.170833
645786945,0.383004
751525434,0.445715
432089437,0.256264
-1466486354,-0.869745
-424015847,-0.251476
-352921598,-0.209311
1093650549,0.648623
-419031498,-0.248520
-141061775,-0.083661
-1149556406,-0.681780
459420173,0.272473
-1457387970,-0.864349
-1198268087,-0.710670
1181063698,0.700466
974519845,0.577969
-608761402,-0.361045
-1087189087,-0.644791
329445978,0.195388
-190102339,-0.112746
417638606,0.247694
743879801,0.441181
-691570142,-0.410157
1211932117,0.718774
883288918,0.523862
-468162607,-0.277658
-212403862,-0.125973
951525741,0.564332
98130270,0.058199
1008681385,0.598230
353155122,0.209450
1324509061,0.785541
-590808346,-0.350397
-1426515455,-0.846039
-1021084038,-0.605586
-1362589667,-0.808126
506615790,0.300464
-1057863463,-0.627399
-392326078,-0.232681
154016565,0.091344
-313624458,-0.186005
-705845711,-0.418624
336380298,0.199501
1565145293,0.928258
31057022,0.018419
-616789495,-0.365806
1104825938,0.655251
84834533,0.050314
1604101126,0.951362
-973681567,-0.577472
-292617574,-0.173546
1506734973,0.893616
846348046,0.501953
1121109305,0.664909
312157794,0.185135
-916832107,-0.543756
1372700054,0.814122
612191377,0.363079
-90275414,-0.053541
-1668188115,-0.989371
81110942,0.048105
-202261911,-0.119958
-156214158,-0.092648
-276811195,-0.164171
-381418202,-0.226212
307357377,0.182288
-274235718,-0.162644
-797669667,-0.473083
269901358,0.160073
230566297,0.136744
-454938494,-0.269815
-1206448651,-0.715522
285326006,0.169221
19749617,0.011713
1426995658,0.846324
-184361075,-0.109341
377397950,0.223828
843371209,0.500187
-680467822,-0.403573
-1386376283,-0.822233
819011142,0.485740
707815713,0.419792
-89197862,-0.052902
225395261,0.133678
-15682226,-0.009301
-1174768135,-0.696733
-736841054,-0.437006
-222657707,-0.132054
-978292778,-0.580207
-136064687,-0.080697
-102897174,-0.061026
143945453,0.085371
1141298654,0.676883
-432286935,-0.256381
1409147058,0.835738
1018993925,0.604346
148238182,0.087917
-1019718783,-0.604776
-404267270,-0.239763
-680188515,-0.403407
-262978450,-0.155968
-145905063,-0.086534
-707482430,-0.419594
454729909,0.269692
422567158,0.250617
1594273713,0.945534
-728788470,-0.432231
112993869,0.067015
77611262,0.046030
702331785,0.416540
-365340974,-0.216677
-1011659163,-0.599996
