0.667960
0.352617
0.324560
0.846900
0.145825
0.466245
0.778968
0.603936
0.177962
0.624434
0.988177
0.151640
0.697063
0.872681
0.764510
0.003027
0.133069
0.038888
0.276915
0.251173
0.926077
0.415111
0.841230
0.486034
0.526804
0.630849
0.571152
0.387886
0.618446
0.894495
0.464520
0.636684
0.069885
0.112892
0.616472
0.147293
0.617741
0.548206
0.897767
0.414170
0.332019
0.507138
0.809733
0.547590
0.472290
0.816198
0.580505
0.707879
0.231945
0.533313
0.502552
0.917761
0.081943
0.607175
0.966730
0.797588
0.368288
0.700789
0.513740
0.439870
0.760264
0.676699
0.370666
0.378342
0.584229
0.201619
0.106915
0.430154
0.839009
0.132167
0.800102
0.329112
0.576961
0.231432
0.490502
0.896234
0.598469
0.574604
0.389224
0.971497
0.604155
0.457092
0.874949
0.372943
0.041109
0.626021
0.525486
0.917985
0.779981
0.489341
0.430435
0.143710
0.709969
0.941856
0.523734
0.728674
0.169636
0.636523
0.528165
0.675893
0.586680
0.332866
0.006806
0.697332
0.669941
0.237926
0.148331
0.381965
0.285490
0.503930
0.731402
0.637475
0.984461
0.636408
0.584092
0.119517
0.931374
0.606287
0.117934
0.392314
0.941919
0.049054
0.332119
0.718622
0.466006
0.424109
0.837593
0.297442
0.456393
0.907965
0.060260
0.568902
0.665170
0.949122
0.797420
0.310186
0.059652
0.735885
0.236890
0.557330
0.186025
0.935332
0.177622
0.484732
0.572801
0.203411
0.374695
0.254808
0.992477
0.433858
0.314658
0.188547
0.608766
0.832975
0.821716
0.423624
0.865129
0.034217
0.626607
0.739186
0.039959
0.396852
0.298659
0.000037
0.346557
0.526021
0.257452
0.503805
0.207227
0.787811
0.622783
0.542045
0.880610
0.739770
0.052201
0.259848
0.089014
0.427071
0.043712
0.520423
0.242763
0.017004
0.300670
0.560725
0.557576
0.503107
0.352894
0.622209
0.410758
0.886918
0.137979
0.817900
0.005844
0.043795
0.861212
0.653691
0.124309
0.417108
0.534602
0.955118
0.180763
0.458691
0.433808
0.876221
0.942317
0.683722
0.343634
0.020347
0.292740
0.556453
0.024910
0.021148
0.611026
0.400812
0.445062
0.937021
0.052961
0.415483
0.560915
0.779864
0.001836
0.534761
0.419904
0.387127
0.586325
0.461043
0.460294
0.552561
0.969510
0.861500
0.433286
0.547519
0.468754
0.900576
0.598760
0.510418
0.523820
0.003818
0.547878
0.512808
0.498343
0.198834
0.508277
0.354311
0.478796
0.535842
0.674141
0.412273
0.847100
0.498274
0.757657
0.516303
0.266161
0.386019
0.572819
0.123796
0.396761
0.703635
0.547086
0.082531
0.952744
0.043589
0.116128
0.467888
0.231337
0.170992
0.320063
0.337981
0.252918
0.655594
0.029050
0.048488
0.234121
0.439103
0.116638
0.764002
0.578349
0.807977
0.558491
0.633558
0.299133
0.445821
0.971417
0.963676
0.637503
0.271848
0.620044
0.411302
0.888336
0.110189
0.560332
0.776250
0.052556
0.617913
0.320378
0.624495
0.427157
0.618508
0.364820
0.117929
0.060891
0.435379
0.663705
0.480933
0.421402
0.491499
0.005152
0.568941
0.721564
0.384194
0.442329
0.106162
0.788102
0.599230
0.496658
0.555132
0.034704
0.456240
0.562513
0.518613
0.074419
0.472063
0.458677
0.293234
0.555948
0.064883
0.907668
0.935562
0.465107
0.104132
0.238938
0.273457
0.379021
0.507664
0.950289
0.902491
0.503908
0.590166
0.776744
0.575410
0.471561
0.175253
0.640019
0.852784
0.615937
0.759809
0.100483
0.549686
0.578101
0.573834
0.406132
0.868925
0.433555
0.859218
0.618675
0.571603
0.640470
0.628591
0.846590
0.189957
0.032687
0.190364
0.498077
0.573534
0.588838
0.370273
0.852421
0.221435
0.845754
0.188150
0.071650
0.619539
0.374050
0.499872
0.557968
0.473238
0.547251
0.699011
0.378353
0.517303
0.823352
0.657281
0.534919
0.089415
0.414439
0.112760
0.145736
0.989778
0.640389
0.864074
0.993799
0.472567
0.394510
0.922291
0.190433
0.682649
0.046995
0.466302
0.701879
0.599768
0.825983
0.616608
0.149508
0.592187
0.748372
0.808612
0.122482
0.383257
0.918798
0.506700
0.154583
0.468242
0.492783
0.094950
0.912495
0.135618
0.202082
0.628525
0.344276
0.120210
0.551661
0.565177
0.606447
0.403107
0.083849
0.718134
0.583109
0.633451
0.911143
0.696559
0.994621
0.831331
0.107219
0.467891
0.406775
0.963814
0.742225
0.494816
0.866831
0.784645
0.447928
0.227964
0.703738
0.171473
0.467925
0.073719
0.472627
0.470531
0.160602
0.812295
0.769955
0.184603
0.728453
0.508328
0.623278
0.382386
0.370293
0.871737
0.027782
0.525754
0.634950
0.556382
0.433072
0.535841
0.590892
0.471166
0.518512
0.585478
0.505797
0.854818
0.630257
0.518508
0.881844
0.042217
0.628741
0.470588
0.125331
0.389921
0.733661
0.917848
0.671528
0.577316
0.582909
0.287745
0.552296
0.191352
0.507911
0.545042
0.627908
0.691868
0.480611
0.994198
0.366115
0.901801
0.605230
0.915098
0.088881
0.604354
0.821473
0.547041
0.957931
0.615295
0.684838
0.866253
0.634412
0.238328
0.532514
0.398239
0.707229
0.974212
0.768669
0.470418
0.402460
0.943800
0.550240
0.415022
0.096262
0.296151
0.398095
0.202332
0.932256
0.574360
0.462428
0.292824
0.966267
0.519197
0.163770
0.837575
0.437940
0.325480
0.478282
0.440855
0.315976
0.000439
0.409615
0.611773
0.418010
0.575314
0.572708
0.439809
0.560322
0.130388
0.143261
0.573825
0.540898
0.842406
0.376860
0.768236
0.898596
0.499653
0.682822
0.456556
0.139989
0.094152
0.824912
0.531396
0.528380
0.754653
0.567335
0.378209
0.489746
0.555252
0.253554
0.312006
0.901763
0.411059
0.215968
0.471795
0.243520
0.451496
0.984085
0.695113
0.459175
0.627416
0.296181
0.628877
0.488272
0.445087
0.023903
0.268098
0.713964
0.339483
0.579443
0.400066
0.742091
0.579912
0.019246
0.764953
0.956371
0.777634
0.326808
0.388057
0.857175
0.502935
0.506431
0.364786
0.420203
0.859903
0.171996
0.379467
0.945208
0.337335
0.414344
0.283865
0.984323
0.562622
0.551745
0.966732
0.909694
0.020811
0.146529
0.733326
0.637824
0.932867
0.369986
0.396357
0.921086
0.156329
0.553824
0.961465
0.910376
0.145665
0.154565
0.078872
0.613297
0.982274
0.489089
0.017415
0.506558
0.538825
0.497536
0.782862
0.282713
0.698315
0.130588
0.512345
0.698888
0.752237
0.649690
0.341431
0.893163
0.535062
0.511841
0.781146
0.442255
0.372156
0.677274
0.652206
0.916713
0.171974
0.506694
0.541642
0.465957
0.528210
0.618704
0.431065
0.724220
0.483629
0.107934
0.511499
0.047333
0.920772
0.469641
0.428558
0.702243
0.266090
0.332755
0.380864
0.780419
0.676671
0.640702
0.546819
0.384883
0.483176
0.501367
0.956646
0.996348
0.680048
0.303235
0.516185
0.165229
0.898302
0.567843
0.102811
0.231010
0.385781
0.727619
0.581764
0.409782
0.634178
0.142506
0.722970
0.841968
0.423966
0.355412
0.028309
0.418659
0.324555
0.469538
0.098690
0.182586
0.973052
0.386410
0.453851
0.435540
0.979893
0.635943
0.429291
0.310987
0.339442
0.465219
0.543329
0.985973
0.927662
0.633728
0.436326
0.296021
0.313214
0.601646
0.382025
0.414697
0.483981
0.247965
0.876020
0.495873
0.058668
0.424439
0.781432
0.850807
0.147650
0.350329
0.618868
0.508311
0.494924
0.298194
0.100154
0.630642
0.276767
0.742371
0.612326
0.508994
0.198908
0.741273
0.522508
0.613711
0.076287
0.623189
0.947972
0.584808
0.417787
0.430774
0.702806
0.205072
0.928873
0.539674
0.893845
0.666698
0.452055
0.635366
0.347441
0.417527
0.499370
0.476059
0.710367
0.270965
0.080907
0.230222
0.941262
0.287045
0.515899
0.572827
0.650342
0.999263
0.666716
0.363675
0.245077
0.091663
0.769861
0.370495
0.145521
0.916712
0.102794
0.424889
0.994666
0.480844
0.516429
0.864336
0.269293
0.069306
0.388019
0.926938
0.306250
0.681944
0.979527
0.074029
0.415786
0.531183
0.522356
0.820241
0.562062
0.791252
0.632925
0.854614
0.001360
0.444419
0.787954
0.286093
0.537217
0.383449
0.737550
0.540757
0.571574
0.041422
0.751633
0.535174
0.228066
0.568818
0.291734
0.864674
0.788746
0.460849
0.496225
0.198097
0.568616
0.542998
0.951617
0.005871
0.521506
0.404324
0.874308
0.424906
0.811125
0.542206
0.444076
0.459309
0.986588
0.474746
0.052982
0.509459
0.120633
0.238757
0.636381
0.622471
0.962760
0.454895
0.847200
0.705348
0.458044
0.835598
0.742663
0.374955
0.733608
0.018876
0.747133
0.370173
0.669677
0.777744
0.624905
0.498883
0.391022
0.299283
0.139563
0.209329
0.957418
0.647805
0.325283
0.601778
0.078973
0.894662
0.713355
0.465056
0.565287
0.723197
0.459204
0.425025
0.998494
0.439160
0.063936
0.015945
0.961029
0.351767
0.648133
0.179694
0.002201
0.751784
0.240557
0.623205
0.661982
0.897063
0.124080
0.703253
0.226137
0.707042
0.184102
0.532651
0.478864
0.397539
0.734571
0.718275
0.097235
0.346889
0.640031
0.382671
0.722237
0.439693
0.596875
0.541394
0.261177
0.582213
0.556382
0.430585
0.560715
0.404330
0.441291
0.886789
0.649561
0.799807
0.133523
0.492950
0.819475
0.031242
0.524082
0.565187
0.522187
0.424554
0.655004
0.838593
0.883237
0.941596
0.515533
0.769932
0.462081
0.454251
0.634316
0.303038
0.387813
0.180221
0.136771
0.666540
0.275995
0.626281
0.566140
0.552190
0.874330
0.548944
0.843841
0.934984
0.292916
0.614129
0.717388
0.569894
0.736993
0.206089
0.064025
0.747310
0.013313
0.460213
0.331185
0.638036
0.795226
0.467474
0.588878
0.474101
0.586758
0.329621
0.037317
0.473360
0.873272
0.483028
0.208556
0.020301
0.622862
0.624536
0.053722
0.578212
0.688253
0.485548
0.535199
0.559042
0.305710
0.969313
0.666592
0.613676
0.342708
0.507114
0.542730
0.397321
0.413758
0.110973
0.180618
0.685645
0.262405
0.784564
0.549445
0.582958
0.984015
0.456519
0.252329
0.245314
0.325690
0.970938
0.150850
0.635948
0.277212
0.605274
0.424910
0.621522
0.438118
0.583234
0.443535
0.212633
0.966861
0.470770
0.585923
0.373986
0.888175
0.544703
0.587371
0.558440
0.328310
0.758364
0.937446
0.631606
0.533841
0.742059
0.556749
0.298929
0.594462
0.811002
0.125435
0.293963
0.464284
0.916027
0.556002
0.551728
0.406023
0.101765
0.466087
0.608427
0.266029
0.131492
0.621401
0.906639
0.542850
0.144309
0.440866
0.570661
0.047835
0.710336
0.787814
0.007721
0.777180
0.622223
0.039790
0.775361
0.338702
0.325965
0.407120
0.640358
0.147264
0.520869
0.196746
0.466012
0.781902
0.580422
0.339748
0.094445
0.922542
0.047778
0.829302
0.873194
0.000654
0.486976
0.332788
0.452939
0.011599
0.194842
0.480490
0.684734
0.416525
0.539772
0.917999
0.422713
0.514410
0.564181
0.821294
0.779532
0.363865
0.422787
0.809824
0.608180
0.590495
0.713918
0.421799
0.983785
0.166916
0.654111
0.920307
0.088413
0.478820
0.814894
0.430292
0.968993
0.102502
0.394399
0.033230
0.168386
0.204265
0.287481
0.605601
0.985794
0.646298
0.904589
0.440926
0.393900
0.445785
0.376215
0.501174
0.538088
0.139491
0.608086
0.792536
0.469495
0.588644
0.425909
0.300902
0.524833
0.137048
0.963897
0.616400
0.524616
0.393577
0.904044
0.396231
0.354470
0.731090
0.556189
0.531498
0.056400
0.330115
0.555001
0.378700
0.340446
0.035972
0.216170
0.931531
0.735650
0.094002
0.444830
0.967803
0.524599
0.071366
0.352942
0.452582
0.784939
0.112172
0.578171
0.548299
0.612477
0.717486
0.610217
0.331322
0.707468
0.097472
0.614670
0.503551
0.147472
0.118070
0.398649
0.875166
0.558213
0.730254
0.565497
0.459303
0.545643
0.563470
0.047585
0.892614
0.244914
0.879771
0.534640
0.850842
0.448952
0.610048
0.725454
0.591267
0.321613
0.004673
0.999995
0.243901
0.752624
0.557793
0.477086
0.513145
0.943874
0.829621
0.119345
0.389379
0.888733
0.654302
0.703809
0.974991
0.846399
0.447283
0.011446
0.337769
0.328686
0.403232
0.611211
0.535927
0.410188
0.455145
0.649065
0.133192
0.443921
0.044405
0.092225
0.686514
0.416271
0.450537
0.543062
0.034787
0.257153
0.551317
0.965935
0.928350
0.627801
0.025660
0.777212
0.673427
0.753316
0.001788
0.425336
0.968101
0.235324
0.362110
0.856466
0.385056
0.382049
0.734674
0.604497
0.006061
0.282155
0.519439
0.706950
0.494266
0.480589
0.839922
0.135781
0.741123
0.828552
0.104305
0.066513
0.719773
0.226500
0.290407
0.520484
0.442919
0.561176
0.044107
0.984726
0.684367
0.550610
0.481734
0.693517
0.297594
0.235872
0.562110
0.116416
0.238292
0.472835
0.901391
0.988577
0.865516
0.416475
0.567988
0.684351
0.780148
0.734017
0.074026
0.185413
0.287741
0.300683
0.160317
0.466802
0.363848
0.146670
0.571395
0.527237
0.539749
0.744933
0.880300
0.765207
0.579223
0.769111
0.925296
0.984409
0.309551
0.485790
0.311276
0.197701
0.601767
0.674116
0.038021
0.769357
0.442960
0.707115
0.630956
0.430459
0.471247
0.481258
0.087822
0.498272
0.587875
0.940562
0.268137
0.722475
0.253393
0.453922
0.712999
0.798073
0.612188
0.891446
0.151463
0.569838
0.875722
0.093832
0.265623
0.264119
0.578909
0.563126
0.445740
0.740557
0.727036
0.633591
0.406069
0.601999
0.557112
0.428640
0.514622
0.913870
0.592750
0.738169
0.896548
0.771808
0.607009
0.278972
0.037530
0.463818
0.963345
0.594460
0.710555
0.629944
0.354575
0.481749
0.452436
0.160744
0.489596
0.125208
0.689591
0.334576
0.464190
0.628017
0.164817
0.653879
0.975107
0.819854
0.709828
0.596889
0.656046
0.340690
0.741686
0.794720
0.428551
0.217128
0.022902
0.882577
0.962369
0.324308
0.889205
0.502709
0.981578
0.713497
0.338006
0.605872
0.946326
0.534187
0.512385
0.797567
0.538072
0.371633
0.834329
0.368353
0.602519
0.268460
0.254888
0.600289
0.580121
0.514933
0.944632
0.777347
0.623155
0.479023
0.133354
0.872449
0.849606
0.431503
0.089085
0.455889
0.980138
0.624768
0.487651
0.006747
0.649197
0.379130
0.481235
0.390970
0.740986
0.818350
0.209731
0.540939
0.981660
0.530559
0.938951
0.443498
0.282765
0.266484
0.626712
0.478731
0.047365
0.466030
0.695369
0.671671
0.269697
0.560990
0.602872
0.496249
0.515431
0.441930
0.697399
0.480239
0.812367
0.420091
0.634174
0.432090
0.327212
0.107217
0.608215
0.371742
0.353294
0.081439
0.713938
0.411694
0.584352
0.640232
0.812228
0.242535
0.365936
0.637945
0.427366
0.280187
0.695556
0.221340
0.947425
0.447459
0.031306
0.134788
0.588363
0.607352
0.588028
0.806555
0.330742
0.899346
0.740462
0.850511
0.401226
0.321957
0.931355
0.639983
0.555078
0.320266
0.922864
0.767173
0.495467
0.189372
0.401186
0.293625
0.442033
0.599732
0.501595
0.587757
0.858653
0.590167
0.870778
0.908662
0.382704
0.327036
0.069984
0.211299
0.129939
0.457933
0.438356
0.849694
0.593902
0.557427
0.175182
0.541341
0.614986
0.866338
0.332585
0.659955
0.541039
0.414092
0.288315
0.946137
0.059604
0.121174
0.017050
0.792664
0.734148
0.533433
0.729855
0.415360
0.649741
0.621048
0.690257
0.668233
0.431863
0.798899
0.490520
0.766580
0.620944
0.270319
0.549311
0.704121
0.549379
0.047454
0.472558
0.580578
0.382732
0.934324
0.364545
0.414334
0.877355
0.144201
0.994734
0.629213
0.851933
0.120969
0.588971
0.173110
0.273463
0.751039
0.608242
0.833131
0.833278
0.304109
0.497587
0.329344
0.995713
0.585373
0.039493
0.425943
0.019402
0.791711
0.684887
0.276241
0.665146
0.624092
0.227430
0.125871
0.868954
0.571625
0.798691
0.819475
0.029512
0.541377
0.435468
0.113355
0.887692
0.423520
0.443131
0.435894
0.017999
0.556966
0.520149
0.150458
0.946889
0.951229
0.101537
0.848151
0.614364
0.844108
0.570448
0.110719
0.086817
0.356376
0.805594
0.537136
0.180320
0.223596
0.569461
0.397059
0.568987
0.386137
0.369164
0.789246
0.880905
0.924962
0.740180
0.212928
0.415946
0.830755
0.569890
0.450109
0.527769
0.198415
0.276835
0.084694
0.045611
0.145431
0.124309
0.387279
0.832904
0.491458
0.633448
0.702437
0.236436
0.624450
0.752537
0.460377
0.906156
0.478741
0.702943
0.278158
0.194585
0.187252
0.576276
0.463884
0.183088
0.753600
0.794754
0.130357
0.650938
0.592364
0.899907
0.562459
0.069253
0.701195
0.343782
0.855676
0.851147
0.835409
0.606014
0.019800
0.106867
0.381591
0.004922
0.771682
0.473545
0.295871
0.657871
0.206100
0.768340
0.072050
0.620723
0.578560
0.566954
0.416201
0.940239
0.742331
0.583138
0.028223
0.594525
0.388964
0.476063
0.970472
0.217076
0.485320
0.080572
0.469223
0.559612
0.723044
0.602616
0.268363
0.253430
0.617293
0.446516
0.652255
0.317023
0.573118
0.572087
0.500925
0.464690
0.785187
0.580615
0.255702
0.930078
0.535515
0.905312
0.656006
0.272307
0.152885
0.750521
0.306978
0.490551
0.280726
0.384168
0.774471
0.653549
0.520618
0.325721
0.456168
0.203242
0.744945
0.377442
0.698959
0.303189
0.043875
0.568577
0.578016
0.602399
0.075339
0.915456
0.596266
0.616093
0.755786
0.136824
0.286846
0.250722
0.682295
0.590565
0.181232
0.152395
0.485034
0.426842
0.334579
0.164734
0.348865
0.206412
0.848577
0.535506
0.348393
0.630879
0.483860
0.439162
0.193455
0.494345
0.533601
0.307838
0.310431
0.834060
0.627467
0.565343
0.530523
0.610930
0.450987
0.719354
0.807884
0.855188
0.716169
0.923762
0.549684
0.921532
0.139578
0.436534
0.411353
0.381067
0.087083
0.463157
0.957496
0.669472
0.106658
0.199081
0.608879
0.568497
0.916414
0.994051
0.435179
0.262092
0.681183
0.817440
0.440279
0.805464
0.214477
0.815617
0.663483
0.392650
0.488905
0.702647
0.026992
0.166367
0.380423
0.623638
0.529161
0.988077
0.487201
0.617573
0.967601
0.528932
0.485822
0.373693
0.799096
0.669183
0.248653
0.060006
0.997040
0.163763
0.354267
0.176678
0.510851
0.882488
0.227215
0.036287
0.496543
0.667180
0.190725
0.689353
0.472663
0.589285
0.340308
0.367277
0.680210
0.744801
0.417356
0.256133
0.412704
0.556680
0.891701
0.262987
0.721875
0.388159
0.394912
0.481229
0.770120
0.817795
0.760567
0.140981
0.125749
0.484150
0.601834
0.427652
0.406478
0.651863
0.048251
0.449763
0.788613
0.145886
0.649183
0.221688
0.829644
0.342937
0.200157
0.559326
0.584393
0.769906
0.788102
0.562852
0.360450
0.326656
0.630129
0.987514
0.015904
0.797367
0.715783
0.599511
0.528217
0.279799
0.725424
0.432366
0.590465
0.015045
0.543131
0.732359
0.921502
0.667543
0.525821
0.423853
0.571152
0.420999
0.787302
0.878107
0.501528
0.497200
0.445007
0.622389
0.700673
0.530549
0.274687
0.718236
0.132038
0.499809
0.740731
0.647188
0.654103
0.376272
0.434443
0.430340
0.290738
0.515704
0.482466
0.285218
0.541376
0.363723
0.830834
0.601059
0.136455
0.337799
0.524042
0.543442
0.740617
0.831137
0.091090
0.134046
0.374819
0.714078
0.217582
0.521950
0.975255
0.295699
0.853168
0.804685
0.089098
0.815256
0.480660
0.408985
0.622480
0.279413
0.919984
0.543680
0.528764
0.443732
0.346057
0.901342
0.337624
0.508108
0.707168
0.775359
0.211476
0.324634
0.553798
0.527749
0.153662
0.724870
0.544065
0.808223
0.139505
0.222737
0.824786
0.365286
0.098127
0.247258
0.340399
0.775246
0.466393
0.325547
0.539903
0.643864
0.613509
0.865309
0.379806
0.213473
0.004423
0.385089
0.483797
0.942739
0.301036
0.339057
0.717843
0.573975
0.732075
0.153234
0.715523
0.648227
0.000273
0.520420
0.055122
0.619855
0.236818
0.137916
0.513819
0.500966
0.147337
0.184044
0.515920
0.647643
0.401672
0.294674
0.419393
0.026264
0.886831
0.835764
0.210365
0.099235
0.288299
0.402276
0.356819
0.556487
0.969859
0.759868
0.167273
0.380305
0.554905
0.445801
0.945474
0.449965
0.007753
0.307650
0.722207
0.541890
0.896545
0.584303
0.434868
0.272586
0.584016
0.253135
0.870713
0.419699
0.953082
0.526430
0.373795
0.603761
0.119995
0.434871
0.464832
0.435108
0.709683
0.027941
0.480980
0.984190
0.456966
0.243487
0.322562
0.547892
0.685874
0.493691
0.965977
0.594965
0.686983
0.079407
0.033817
0.395533
0.465392
0.912956
0.559015
0.598365
0.637953
0.484693
0.527601
0.656402
0.795685
0.003715
0.620458
0.242336
0.067665
0.578362
0.385434
0.962695
0.013290
0.170356
0.683084
0.544567
0.574235
0.419578
0.677178
0.741227
0.028901
0.456418
0.479456
0.476572
0.476709
0.000183
0.988396
0.472142
0.033842
0.765977
0.581224
0.682597
0.466798
0.090471
0.333289
0.945128
0.218971
0.599972
0.207579
0.927376
0.991968
0.181973
0.298975
0.274348
0.142837
0.799981
0.063566
0.414546
0.757923
0.059598
0.505688
0.040223
0.363525
0.578074
0.586348
0.234401
0.999752
0.871283
0.853046
0.426255
0.055566
0.422284
0.927799
0.714645
0.397353
0.483715
0.636967
0.813551
0.310937
0.922479
0.504251
0.134316
0.232145
0.860441
0.547182
0.482317
0.726124
0.456928
0.327338
0.758617
0.959210
0.907637
0.229421
0.659120
0.581226
0.806732
0.499028
0.485679
0.669982
0.434311
0.730690
0.611417
0.036471
0.578705
0.388232
0.878901
0.781298
0.953294
0.399769
0.361484
0.572517
0.692938
0.581058
0.462969
0.072711
0.606615
0.429496
0.542138
0.617318
0.823100
0.706678
0.547240
0.457638
0.971470
0.667718
0.548479
0.966519
0.993449
0.462210
0.006835
0.010720
0.393559
0.515296
0.510527
0.014803
0.496745
0.381365
0.449307
0.154391
0.131359
0.092775
0.554412
0.497180
0.396736
0.331967
0.943497
0.268330
0.647174
0.501577
0.675515
0.481530
0.072937
0.140330
0.765800
0.468068
0.544940
0.851363
0.959855
0.629791
0.491769
0.387274
0.514598
0.627375
0.137397
0.944115
0.031855
0.449207
0.477710
0.674300
0.590353
0.335974
0.383894
0.622392
0.907572
0.508745
0.462045
0.663384
0.591136
0.648294
0.562031
0.495700
0.221066
0.852031
0.134611
0.450120
0.446948
0.959096
0.558706
0.447956
0.781618
0.261027
0.946283
0.740328
0.952066
0.162672
0.215888
0.314100
0.548847
0.840615
0.969673
0.026676
0.635685
0.836929
0.109218
0.581592
0.587940
0.130533
0.724996
0.621019
0.082814
0.375227
0.717168
0.176481
0.855721
0.438709
0.590522
0.403152
0.434277
0.533644
0.582731
0.107683
0.583730
0.604943
0.407052
0.034741
0.610594
0.886200
0.243770
0.551556
0.071764
0.948668
0.353540
0.939427
0.543323
0.593513
0.531524
0.443944
0.274934
0.333626
0.151073
0.509286
0.217349
0.549564
0.704937
0.534901
0.171828
0.364389
0.373817
0.012795
0.887303
0.394138
0.746679
0.682223
0.155060
0.669934
0.558467
0.811249
0.522832
0.181977
0.564638
0.164880
0.964101
0.418575
0.403256
0.910998
0.084724
0.748449
0.758087
0.625805
0.434037
0.564230
0.235614
0.266929
0.527392
0.960795
0.304255
0.629108
0.331392
0.234479
0.504708
0.772521
0.206833
0.442008
0.769766
0.528230
0.617810
0.439519
0.662033
0.394167
0.057249
0.434020
0.721090
0.441073
0.611741
0.858236
0.494753
0.514460
0.489054
0.250431
0.724542
0.675371
0.777003
0.989946
0.140621
0.763041
0.488376
0.410848
0.410955
0.574462
0.757609
0.385735
0.252161
0.742963
0.447906
0.043859
0.498075
0.415294
0.124031
0.011647
0.775274
0.543133
0.878336
0.735301
0.153738
0.629825
0.218975
0.067091
0.394510
0.917414
0.239211
0.316811
0.438662
0.553774
0.224542
0.639068
0.903717
0.630394
0.568275
0.380755
0.488035
0.508711
0.761734
0.214610
0.633902
0.430030
0.354613
0.384703
0.148333
0.533403
0.044682
0.399688
0.152234
0.119778
0.262523
0.920087
0.964881
0.635054
0.266213
0.737614
0.150103
0.608354
0.524560
0.095287
0.114689
0.463439
0.311790
0.751335
0.147105
0.295296
0.409191
0.112743
0.277100
0.950202
0.299303
0.169800
0.406460
0.730176
0.539205
0.724179
0.601451
0.298912
0.477087
0.617012
0.405162
0.525533
0.118081
0.636077
0.595130
0.017394
0.403021
0.801087
0.416072
0.135477
0.377752
0.601718
0.494228
0.517239
0.474381
0.327682
0.318857
0.253703
0.625862
0.354013
0.089406
0.616286
0.689035
0.799501
0.423380
0.149310
0.830352
0.871678
0.489578
0.182903
0.113101
0.836196
0.444819
0.291179
0.149302
0.314553
0.935342
0.785241
0.776475
0.795756
0.822080
0.076830
0.503076
0.861912
0.627340
0.370336
0.389244
0.983467
0.983959
0.133414
0.984769
0.998533
0.455114
0.403417
0.495916
0.363352
0.697410
0.670951
0.225877
0.243555
0.504568
0.547006
0.418209
0.097971
0.199376
0.823123
0.965948
0.501221
0.304236
0.382312
0.158031
0.496186
0.174408
0.032848
0.577462
0.443965
0.352645
0.829633
0.890023
0.597734
0.010883
0.403024
0.963835
0.835793
0.832247
0.247852
0.585931
0.899599
0.726373
0.985087
0.181315
0.477560
0.552205
0.588670
0.857895
0.574913
0.542277
0.801403
0.252411
0.537813
0.445904
0.050836
0.478348
0.438135
0.388791
0.613917
0.869876
0.323936
0.658015
0.776660
0.153644
0.870420
0.362626
0.257495
0.493718
0.212497
0.987285
0.269927
0.810135
0.605692
0.607597
0.605089
0.582548
0.870645
0.600462
0.468034
0.857844
0.270442
0.220103
0.124961
0.561240
0.397897
0.492498
0.535526
0.334751
0.493183
0.833699
0.383160
0.922917
0.467930
0.439285
0.637723
0.643107
0.722857
0.564374
0.702735
0.686670
0.435548
0.253872
0.754156
0.293218
0.037292
0.110048
0.686119
0.748297
0.508320
0.627261
0.295482
0.639760
0.396935
0.586398
0.941495
0.295731
0.423203
0.009006
0.964179
0.493721
0.423457
0.151234
0.809170
0.535406
0.108225
0.987810
0.324202
0.254245
0.986822
0.504498
0.523260
0.204693
0.326774
0.701971
0.266149
0.338974
0.317220
0.487768
0.052491
0.188822
0.792016
0.267242
0.624185
0.485047
0.047362
0.308140
0.500696
0.244753
0.490284
0.612655
0.892457
0.129698
0.762229
0.769566
0.166512
0.919094
0.827843
0.756638
0.429070
0.616721
0.382154
0.489279
0.961295
0.478448
0.601038
0.030897
0.120272
0.743732
0.416560
0.290821
0.859369
0.864632
0.608237
0.493352
0.410302
0.292028
0.503753
0.616983
0.512451
0.000655
0.090124
0.527634
0.283977
0.698217
0.099982
0.820849
0.926268
0.954891
0.580452
0.561999
0.465697
0.569154
0.668493
0.909575
0.609814
0.674910
0.602558
0.245938
0.479149
0.694373
0.353657
0.927476
0.386292
0.594448
0.400702
0.360628
0.557749
0.862007
0.533208
0.035626
0.495105
0.698078
0.417685
0.147291
0.992906
0.570236
0.213770
0.335243
0.390366
0.623206
0.737633
0.140523
0.703674
0.584494
0.981099
0.447289
0.417509
0.097874
0.217837
0.640936
0.552668
0.320559
0.980190
0.186602
0.547127
0.224350
0.807160
0.501224
0.453031
0.941565
0.581935
0.153933
0.641135
0.101014
0.963950
0.743080
0.482865
0.964970
0.102037
0.499627
0.266207
0.302460
0.680915
0.584561
0.275774
0.630711
0.980110
0.075370
0.387803
0.777501
0.532385
0.882868
0.958677
0.353945
0.685151
0.528710
0.728380
0.048183
0.584762
0.761220
0.865738
0.503650
0.237931
0.484651
0.839532
0.038133
0.453732
0.549144
0.441352
0.586712
0.375170
0.809337
0.529847
0.112367
0.585361
0.471538
0.426710
0.626029
0.574418
0.475720
0.158443
0.704153
0.631714
0.449658
0.260299
0.337130
0.481912
0.934209
0.433472
0.501580
0.876234
0.521524
0.570436
0.580910
0.479740
0.455953
0.128543
0.223674
0.589457
0.195146
0.040943
0.478060
0.688330
0.441300
0.202121
0.627864
0.349912
0.080371
0.809158
0.259812
0.269932
0.392430
0.914441
0.320926
0.847601
0.229677
0.883839
0.874903
0.393793
0.560127
0.056370
0.888335
0.068079
0.207821
0.212334
0.494552
0.106803
0.749742
0.193181
0.374368
0.466585
0.156522
0.951725
0.751266
0.706628
0.569957
0.552617
0.821900
0.562568
0.791970
0.613104
0.534859
0.420818
0.375564
0.405488
0.690320
0.962073
0.039155
0.427245
0.467575
0.051081
0.707770
0.732335
0.626670
0.569191
0.511964
0.426695
0.889166
0.990700
0.376279
0.887611
0.993013
0.392019
0.672389
0.204481
0.421566
0.532988
0.907061
0.701672
0.545532
0.147145
0.345451
0.680277
0.016157
0.833978
0.343343
0.087739
0.899711
0.443726
0.487856
0.709857
0.481128
0.492020
0.554065
0.208568
0.791522
0.552144
0.382024
0.378630
0.844664
0.090074
0.579656
0.585901
0.246586
0.889079
0.399774
0.693179
0.576336
0.051428
0.532526
0.428825
0.353797
0.422985
0.559533
0.606138
0.500037
0.395919
0.268714
0.322824
0.414584
0.691502
0.722858
0.628132
0.065127
0.374262
0.395344
0.824312
0.375740
0.458169
0.159110
0.636237
0.067825
0.144665
0.850233
0.788985
0.319478
0.177604
0.597694
0.443627
0.623847
0.720591
0.294921
0.859387
0.761931
0.361171
0.437014
0.782166
0.529100
0.799115
0.604725
0.892771
0.324801
0.076980
0.197207
0.095937
0.650232
0.186301
0.383659
0.545672
0.406998
0.290688
0.599750
0.964129
0.509210
0.317097
0.827626
0.525157
0.975681
0.211264
0.413227
0.946808
0.750976
0.832454
0.592567
0.228122
0.907061
0.681540
0.473230
0.005315
0.524053
0.440021
0.453676
0.417914
0.386894
0.591144
0.418678
0.263459
0.580037
0.568372
0.365092
0.142239
0.584611
0.505857
0.923162
0.445329
0.611914
0.750094
0.298214
0.088883
0.742870
0.709896
0.473549
0.566839
0.495350
0.151634
0.281497
0.433973
0.209897
0.459651
0.469487
0.542686
0.838441
0.371809
0.917869
0.802173
0.543959
0.197612
0.380118
0.298297
0.422016
0.456733
0.290203
0.634846
0.625308
0.972767
0.283885
0.533507
0.523015
0.708270
0.391662
0.200002
0.616380
0.517717
0.463051
